"agnipurana_u" "bhagavatapurana_skandha-01_u" "bhagavatapurana_skandha-02_u" "bhagavatapurana_skandha-03_u" "bhagavatapurana_skandha-04_u" "bhagavatapurana_skandha-05_u" "bhagavatapurana_skandha-06_u" "bhagavatapurana_skandha-07_u" "bhagavatapurana_skandha-08_u" "bhagavatapurana_skandha-09_u" "bhagavatapurana_skandha-10_adhyaya-29-33_w_commentary" "bhagavatapurana_skandha-10_u" "bhagavatapurana_skandha-11_u" "bhagavatapurana_skandha-12_u" "bhavisyapurana" "brahmandapurana_khanda-1_u" "brahmandapurana_khanda-2_u" "brahmandapurana_khanda-3_u" "brahmandapurana" "brahmapurana_pu" "devibhagavatapurana_devigita_adhyaya-31-40" "devibhagavatapurana" "devipurana" "garudapurana_khanda-1_u" "garudapurana_khanda-2_u" "garudapurana_khanda-3_u" "kalikapurana" "karatoyamahatmya_pu" "kurmapurana_khanda-1_u" "kurmapurana_khanda-2_u" "lingapurana_khanda-1_u" "lingapurana_khanda-2_u" "mahabharata_01-adiparvan" "mahabharata_02-sabhaparvan" "mahabharata_03-aranyakaparvan" "mahabharata_04-virataparvan" "mahabharata_05-udyogaparvan" "mahabharata_06-bhismaparvan" "mahabharata_07-dronaparvan" "mahabharata_08-karnaparvan" "mahabharata_09-salyaparvan" "mahabharata_10-sauptikaparvan" "mahabharata_11-striparvan" "mahabharata_12-santiparvan" "mahabharata_13-anusasanaparvan" "mahabharata_14-asvamedhikaparvan" "mahabharata_15-asramavasikaparvan" "mahabharata_16-mausalaparvan" "mahabharata_17-mahaprasthanikaparvan" "mahabharata_18-svargarohanaparvan" "markandeyapurana_adhyaya-1-93_u" "matsyapurana_adhyaya-1-176_pu" "naradapurana_khanda-1_u" "naradapurana_khanda-2_u" "nilamatapurana_au" "nrsimhapurana_pu" "padmapurana_a" "pranavakalpa" "ramayana_01-balakanda" "ramayana_02-ayodhyakanda_a" "ramayana_03-aranyakanda_a" "ramayana_04-kiskindhakanda" "ramayana_05-sundarakanda" "ramayana_06-yuddhakanda" "ramayana_07-uttarakanda" "saurapurana" "sivapurana_dharmasamhita" "sivapurana_karvanamahatmya_au" "sivapurana_rudrasamhita" "sivapurana_sanatkumarasamhita" "sivapurana_satarudrasamhita_au" "sivapurana_umasamhita" "sivapurana_vayaviyasamhita_au" "sivapurana_vidyesvarasamhita_au" "skandamahapurana_himavatkhanda" "skandamahapurana_kasikhanda" "skandamahapurana_revakhanda" "skandamahapurana_sutasamhita_khanda-4" "skandapurana_adhyaya-1-31_pu" "skandapurana_pasupata_adhyaya174-183_u" "skandapurana" "vamanapurana_saromahatmya_u" "vamanapurana_u" "vayu_ba" "vayupurana_01_frame-and-cosmogony_iast" "vayupurana_02_pashupata-yoga_iast" "vayupurana_03_kalpas-and-shiva-lineages_iast" "vayupurana_04_bhuvana-vinyasa_iast" "vayupurana_05_jyotis-and-purvardha-close_iast" "vayupurana_06_prthu-and-prajapati-lineages_iast" "vayupurana_07_shraddha-kalpa_iast" "vayupurana_08_manu-candra-vishnu-vamsha_iast" "vayupurana_09_upasamhara_iast" "vayupurana_10_gaya-mahatmya_iast" "vayupurana_revakhanda" "vayupurana" "visnudharma_pu" "visnudharmottarapurana_khanda-3_adhyaya-343-353_pu" "visnupurana_u"
"agnipurana_u" 0 0.406141630275658 0.437456889332168 0.403967304592334 0.390393787451368 0.435234504308481 0.382805279156985 0.392363376613876 0.387228837871088 0.389518133982984 0.464481206534575 0.385250721675598 0.405714931123703 0.399681449262721 0.283205271499227 0.37548989039371 0.333321937721077 0.322889083879647 0.309082022812044 0.332977991128645 0.393567465476922 0.337337203476776 0.286449834395182 0.223092214061572 0.314733670576761 0.39413172667849 0.29670491760855 0.541101212242407 0.347455098509389 0.33133107687825 0.308025830281741 0.308401041427275 0.393938853276669 0.419935106765558 0.384277256254702 0.429530561909291 0.407370449828221 0.430269831533759 0.427885736229094 0.428058921166944 0.420454553366054 0.42228260982121 0.443825107587131 0.381101045398685 0.378531858241579 0.40883720373955 0.464506064718293 0.474217982597465 0.577241362014959 0.509700666425542 0.322473602367157 0.295908228510042 0.233371563204673 0.346688139884135 0.385028619230312 0.355312637325553 0.358898435847268 0.406110130327566 0.427967613267425 0.413747011855008 0.418622187041119 0.418488621128229 0.42483275725022 0.426301412975206 0.412937153055762 0.327754495881578 0.433196494404726 0.45495050942016 0.376974874077874 0.45553617368562 0.411300470865545 0.325240796929338 0.324016296956335 0.358514293980099 0.368037107346636 0.303260811764057 0.341926123115868 0.410230769588673 0.38080668847441 0.461023537100239 0.352722702713936 0.397526502734985 0.323916644885076 0.349884372755887 0.417468246706301 0.44854971580418 0.397816661886551 0.445571387727958 0.380209195064322 0.410322114280719 0.378634872663674 0.391197602160747 0.403834032401916 0.417383512882318 0.348934561613662 0.329362380645646 0.358567347267037 0.449718999738577 0.32652808990922
"bhagavatapurana_skandha-01_u" 0.406141630275658 0 0.324285484754287 0.289620342408148 0.277668220027368 0.362178941427383 0.285113034196685 0.293801476284064 0.301483638359464 0.310948754155168 0.412964092120063 0.262188723779216 0.302948427080245 0.328439974713882 0.375653188949756 0.405678573976008 0.344658518819254 0.398364197010297 0.356776958315867 0.338824208988372 0.432890580957619 0.376284318578227 0.409068510285204 0.392268560692693 0.3999880381543 0.447052380142393 0.382744521023684 0.577956659127319 0.363607123264272 0.384459756715791 0.375484688426807 0.426137482685108 0.337676656163486 0.36344460909653 0.33151828604212 0.384568195506632 0.352716908571007 0.398424689600648 0.39769981349797 0.403041337865422 0.390703953936545 0.386396090422982 0.401290147192241 0.337142380034613 0.345030577832683 0.35772734053897 0.403394008239849 0.43491075888455 0.538938345088208 0.469444434577154 0.346434374792966 0.338029432997189 0.369056957530105 0.387222164936097 0.43576012723095 0.35741690315522 0.391376846480071 0.428213660168122 0.402921568490309 0.3791779018335 0.401912276647569 0.401508166874273 0.40906672274106 0.415586849909305 0.382120222994229 0.371573770189144 0.451155161928833 0.469657966296714 0.403278530015966 0.477702791476623 0.395796441518306 0.370030013019687 0.399114528654131 0.455004887049724 0.385654849052631 0.363531081141461 0.390401884197205 0.45147361534706 0.386219949054424 0.465307360369212 0.342245479034508 0.408867638735336 0.356322877935107 0.385041099713485 0.431599119314482 0.493539378677594 0.41003914490119 0.484311355068422 0.421913252786033 0.440083284376796 0.431190916378405 0.392819569432275 0.428144306894547 0.476908505330164 0.401287420029217 0.371381583525729 0.357152971118132 0.467501343165798 0.346450098564898
"bhagavatapurana_skandha-02_u" 0.437456889332168 0.324285484754287 0 0.312609062692649 0.32464817744829 0.372115793790126 0.331233070444295 0.332284893592524 0.343228041118579 0.366480758446564 0.450514105945517 0.351144795582399 0.337172264026741 0.36397814656844 0.421336548207087 0.441338886339872 0.399904519402154 0.43499999941214 0.406607608613183 0.397356452007996 0.450477812259039 0.425032435040378 0.442770371443533 0.425953437863456 0.437685884381005 0.470638123278475 0.415284500300876 0.583555444218138 0.390763235018014 0.409836715120382 0.40725581358844 0.445418692650712 0.413643572500706 0.438316466119279 0.408788961685939 0.452929911728447 0.429081003338665 0.458502861506445 0.45635317867628 0.462288216961771 0.454099975960734 0.448630154506009 0.458330452194603 0.393466266034477 0.408255835888931 0.420302203114477 0.470266964728812 0.491210878154225 0.572590282043948 0.511335822705729 0.397606810923437 0.392099367169837 0.403320779505229 0.42803710157492 0.471331717834451 0.399150695668061 0.434668476681442 0.437621750232438 0.452432298270502 0.444718101974973 0.448573495577865 0.443168904597742 0.455819069173718 0.4601998823092 0.436595631097233 0.406898481782808 0.484151493501777 0.49848519379682 0.44554750051262 0.496549079199089 0.428246742684501 0.410061487446371 0.417868669801101 0.474983520215186 0.424212130124285 0.39565176105262 0.43104358988376 0.461985240599739 0.425550714766563 0.469755029570597 0.397870147114579 0.439220025137756 0.406316020303973 0.428541654129992 0.456811424507136 0.493234619310985 0.437730977058166 0.510008800167206 0.457340706581388 0.471188039213796 0.463174682538449 0.444084659931304 0.454670588901799 0.504840285839492 0.435197726498659 0.41492141910247 0.389617846414414 0.486305427936452 0.389908815978824
"bhagavatapurana_skandha-03_u" 0.403967304592334 0.289620342408148 0.312609062692649 0 0.21842364691075 0.316790872031307 0.297100256687342 0.309743804585336 0.308465165927502 0.334603470321238 0.375572034569404 0.253489439343412 0.25577529563639 0.305894988377732 0.392631048266845 0.414641771358742 0.367439236432221 0.400957100618142 0.368591947413862 0.317284339734754 0.433529596064924 0.39689126131695 0.412872555851281 0.402597490716329 0.409424737062199 0.454290200334096 0.3841508839089 0.56938203164558 0.372298356171372 0.388085700865907 0.375537287759582 0.42342022421971 0.332468681721387 0.369280927792617 0.322170707558834 0.380191660071294 0.352883661609939 0.392908198442799 0.387907643234104 0.395210392543532 0.382708208949139 0.38033172958481 0.399695877209945 0.310637283407148 0.326146450182093 0.345692773601343 0.411789426409075 0.440210437714289 0.539275126117065 0.475245568393261 0.357795677151289 0.346967671886617 0.379128180186353 0.392333909140808 0.44866451162234 0.336022442401953 0.398332789651984 0.429082233348964 0.386729532972448 0.36416227902699 0.38126503327063 0.381041246590108 0.381775517731187 0.390642083308209 0.364516051970638 0.386292834616824 0.463937281684201 0.485121489358683 0.412230576251606 0.480800183355613 0.408869033160197 0.375622207526388 0.390753347554635 0.459007039175979 0.398522087877005 0.361183972757165 0.388701470416289 0.459801051134486 0.39485272575711 0.458451794598515 0.351204369343193 0.418467218292481 0.371193475802705 0.397954656969227 0.431751166877116 0.485181382402256 0.416714528991445 0.499088461449911 0.432838587718675 0.447662052513294 0.439435995079421 0.419273672234205 0.431338120006778 0.490427911795881 0.413061066278394 0.38409132258107 0.323347217627034 0.45720310343519 0.35371423313644
"bhagavatapurana_skandha-04_u" 0.390393787451368 0.277668220027368 0.32464817744829 0.21842364691075 0 0.316959513313899 0.280351058076465 0.294013273916917 0.294774904542778 0.310793219112359 0.380611957821561 0.226954403470429 0.270158722656992 0.300259639124689 0.379679249607723 0.406032238589784 0.347878171316557 0.392697813394606 0.354594851857936 0.303037380780158 0.428540481913815 0.380057580536188 0.399209022635173 0.390090177452688 0.399876327146492 0.452025928699782 0.372125045113795 0.562464955377435 0.355479007781492 0.384063439356253 0.36618346153728 0.417898348509416 0.311353807511218 0.3529670185824 0.304728722999901 0.36995055033063 0.337637722920106 0.383367973816492 0.379541664378947 0.383751605632466 0.369433532958581 0.368131963138121 0.38328300520402 0.30235106025609 0.316495976001783 0.332142657896061 0.39457011878683 0.430048758625078 0.530335156646013 0.46176719158251 0.346556789228695 0.331219172080811 0.365736616768892 0.378841349341459 0.432466679112806 0.320021210540237 0.387521525231919 0.430987546954662 0.368756546198739 0.343699079002539 0.367629326619224 0.367574800133419 0.370089390253652 0.38008524168597 0.349149866616421 0.373297856434722 0.455796041593362 0.478596742447972 0.396030084662789 0.480579417309743 0.401311371241957 0.365276921180993 0.388309048837502 0.453571399046402 0.385216144792655 0.352449133729112 0.369442464789622 0.451892479022589 0.383913065330219 0.470936658293522 0.338212331247979 0.404489006853162 0.351062819443684 0.385392913978874 0.434453090604456 0.488708822400564 0.410256789870429 0.485966561977475 0.428737724762531 0.435800112265259 0.428541008594997 0.400686721926576 0.430805328526737 0.478005290743454 0.396905860144866 0.370219870538157 0.31424977584615 0.444822647102571 0.342192229030214
"bhagavatapurana_skandha-05_u" 0.435234504308481 0.362178941427383 0.372115793790126 0.316790872031307 0.316959513313899 0 0.360278503855083 0.377484250963037 0.363153626005834 0.392451850796147 0.406291587977856 0.335239476956241 0.345822475092443 0.352662401590014 0.427759558106776 0.444178653332955 0.410600093004868 0.424417415205552 0.40801174093386 0.386079647246268 0.468864608896196 0.442178818104562 0.443974719474811 0.432404370168908 0.445987653451113 0.481154630719189 0.432678453133332 0.581027337395963 0.419190650315008 0.429310808960764 0.421689593775589 0.45724287741958 0.397837910458325 0.419917964227758 0.387899273215241 0.435163082991755 0.409735695778618 0.443082632256639 0.443526041699188 0.447517510171776 0.438946218134728 0.435979104636151 0.443309985580778 0.381294954239429 0.39050079818187 0.41007611754821 0.4602830488098 0.486154077922507 0.570008488961515 0.516112529526938 0.407326105007381 0.385559893766439 0.419980588680155 0.441453704097255 0.477887465714753 0.393646468788425 0.423619775839944 0.435510846475379 0.440395873655824 0.420964369870658 0.428284269111912 0.426001812603522 0.429064155816655 0.439713820873622 0.423381482533192 0.42575292622404 0.474036615857335 0.52104286374516 0.455003939252837 0.481368376097618 0.457146806682947 0.420703740277358 0.430962636969572 0.487680371118938 0.444404593212313 0.395420761478595 0.424988817126053 0.485741482293399 0.436121772151864 0.508291086476292 0.408906304337787 0.459783652474916 0.411134929512455 0.428610487674176 0.466645229479019 0.506800706438089 0.452958499075711 0.485946284841954 0.450245720537637 0.479670155418099 0.471634993952125 0.44946740706153 0.464362322818679 0.529390022332876 0.444513791549125 0.417209147773548 0.384744165061835 0.482619179378047 0.392607315003948
"bhagavatapurana_skandha-06_u" 0.382805279156985 0.285113034196685 0.331233070444295 0.297100256687342 0.280351058076465 0.360278503855083 0 0.262583307937302 0.252364463306895 0.290633501646718 0.43161990595749 0.286416577037197 0.299162122154294 0.341789059969155 0.358532901727409 0.386692042047961 0.323141361100789 0.36525788214284 0.329220857662987 0.334890618052437 0.406997417321622 0.355586365789458 0.380787744569251 0.366250522559503 0.380367130279176 0.421923232645674 0.360447217209824 0.571232410301836 0.328563659989335 0.358520522872285 0.340643780579631 0.395899064309637 0.35287976884494 0.385185737854836 0.34401684215725 0.405218994639093 0.371667137149451 0.409016265613765 0.415264911380657 0.416509404241375 0.402006710917486 0.403848613084188 0.418810311674764 0.337189872430544 0.343525525651833 0.3698363594096 0.422844510546981 0.459439086893431 0.548402560880281 0.48218924741259 0.317912929797111 0.312468512504138 0.346614732810702 0.370718188593513 0.423429662508254 0.346150975962285 0.38223276323615 0.414190777672215 0.405256945242517 0.390301581934183 0.405978987798358 0.403367462521018 0.411974038573466 0.413584282607387 0.384372710396927 0.342409667707413 0.433349633393152 0.466226201182857 0.371829329763109 0.458197436313908 0.379607728479603 0.343078606525573 0.366324034125851 0.437141852433231 0.373917117637817 0.33661111638375 0.382400932420311 0.420820520032188 0.361956127359087 0.453835964532783 0.327708037184913 0.387641656240966 0.326940844244153 0.363806988192696 0.413096918269458 0.465316846625356 0.384185056014596 0.468908985872092 0.409940481024699 0.41235668323231 0.410019375490026 0.379567160963837 0.410083789250689 0.464948323128156 0.380933208992041 0.347257992878797 0.351392526894248 0.456945569374773 0.319078318543367
"bhagavatapurana_skandha-07_u" 0.392363376613876 0.293801476284064 0.332284893592524 0.309743804585336 0.294013273916917 0.377484250963037 0.262583307937302 0 0.286421270701978 0.311489299079894 0.424480463539467 0.303455788302002 0.299837364845814 0.356642550565361 0.370353244200008 0.402281453388182 0.346371639215578 0.38040266937132 0.350515887855522 0.355308905629246 0.419089192640822 0.368466828999077 0.391235760475232 0.378855176616145 0.380522046229441 0.428763028518265 0.368571946698225 0.574644165969154 0.353472253320362 0.364613810501583 0.35906248558846 0.405487042286476 0.375111107558191 0.402111762835311 0.366712334465956 0.421400558463133 0.391065000480741 0.434643872497961 0.432211313271901 0.435406882185271 0.425462725399601 0.419658923030517 0.43820820783599 0.35059774681793 0.368562871135873 0.383934908572663 0.439045221073965 0.469475371877524 0.550713796120472 0.492079121498872 0.333802799769766 0.334644536989675 0.354966069285678 0.375663105475773 0.434916236437485 0.364366975780815 0.387619427011119 0.413301680265706 0.42685955304494 0.408655845617448 0.42099564601975 0.419862193058436 0.432393984133005 0.432903121238921 0.403345607261565 0.354416339930807 0.437413888807441 0.471921547140981 0.387304978885084 0.461395342032751 0.3952032402581 0.358254040498124 0.377678064478087 0.436839961124829 0.385669142400298 0.341666620370332 0.39008103597626 0.428802778155542 0.37898486401809 0.463125004461522 0.347640243657927 0.392823188578334 0.347401220396846 0.382421572188397 0.4233981854003 0.473173819997808 0.404540064324227 0.487365346119126 0.417964719108101 0.435201430094768 0.415607298214861 0.398749607817285 0.420472113395451 0.464858828349501 0.389825983163316 0.368009859924296 0.361045984418441 0.46723766497084 0.331450937989054
"bhagavatapurana_skandha-08_u" 0.387228837871088 0.301483638359464 0.343228041118579 0.308465165927502 0.294774904542778 0.363153626005834 0.252364463306895 0.286421270701978 0 0.289581513915433 0.432376333369023 0.275963726691683 0.333466470441093 0.346002621600081 0.356830468374128 0.395293861273304 0.32728609847864 0.365194300261305 0.334472304370969 0.34251303683507 0.419475047038787 0.362393275588651 0.3846685299713 0.369392241501829 0.394065388085245 0.428390325415764 0.356035447103658 0.572683750630506 0.332192234045875 0.374308450658966 0.345760193428062 0.397063425186387 0.364082277477717 0.390129248665637 0.353972650964658 0.409642539084066 0.386605104223369 0.411458010419675 0.411476310147327 0.413665351652932 0.40198676108069 0.411627330503562 0.429825604427183 0.364909723957797 0.362521316068502 0.386195451154461 0.434024873014005 0.461597843292771 0.556796359800321 0.488908790973113 0.331906718959821 0.311104534348374 0.351286429224144 0.378322768561035 0.416474733625958 0.351034129523144 0.376337149041774 0.417520569734131 0.409907530455656 0.401980965355896 0.409031738307021 0.400945084336121 0.406404305275694 0.402570895999493 0.384076604685135 0.342696569564466 0.433394238363427 0.474733117791871 0.37042962488746 0.450275685316101 0.378438323657036 0.353786331871893 0.373250048647722 0.443349267100001 0.363577888225624 0.348861429181373 0.38380418707091 0.433160113641018 0.361778757426156 0.470610958366592 0.323827053295286 0.384834796771213 0.321462602094322 0.370184186537103 0.424644319742226 0.484179338920587 0.388987415618122 0.457921889887469 0.415815854984191 0.420281490916198 0.423376079346681 0.379782528958069 0.417104845152687 0.468042929850894 0.384650840518788 0.35276099301617 0.358704327808005 0.457262156985016 0.325584143154245
"bhagavatapurana_skandha-09_u" 0.389518133982984 0.310948754155168 0.366480758446564 0.334603470321238 0.310793219112359 0.392451850796147 0.290633501646718 0.311489299079894 0.289581513915433 0 0.443986376582484 0.295911010947298 0.360618829825967 0.364814970223903 0.363144292553231 0.388622317912242 0.30715317612997 0.382547470657575 0.332038000997892 0.350640241583634 0.430038499795615 0.365435088659914 0.401502300810572 0.381115472513781 0.398213605282026 0.439058800387086 0.359454780444072 0.579337139382654 0.345312803562112 0.38565532936937 0.362269178870151 0.41335744573683 0.347529252670542 0.388512397628985 0.350516852387715 0.400649757993529 0.375885378126682 0.417455970330296 0.41310670551228 0.416842402401713 0.398966260366535 0.408394129328781 0.42286956496299 0.368320507654453 0.366061473928798 0.384631065504125 0.420991875170886 0.450117756107473 0.548608246262498 0.487936259238084 0.327189650434723 0.320038870077165 0.366695730387131 0.376127978872281 0.425548930930622 0.358608042131166 0.394816783857716 0.432713862631427 0.385520420901357 0.381771907261499 0.409529230046216 0.400453602161107 0.411455543806772 0.418237659859258 0.381490346019974 0.363859760989548 0.439964910996606 0.47849047108472 0.388424952641816 0.470526360535994 0.392481532610279 0.354562480203002 0.38847084955384 0.459584848893568 0.389761722882962 0.354814039281235 0.390894635740896 0.454368250244868 0.374039585472402 0.479446335946965 0.34840802786684 0.393814835988195 0.335233231033648 0.356322376832356 0.424528157048599 0.4894817961925 0.390245972144561 0.47666073120307 0.412440965621422 0.412018871519045 0.420190999848012 0.330515311639434 0.423562340319455 0.471392127564396 0.39323065597983 0.346133253917821 0.389308254589957 0.477877045692467 0.325506176645853
"bhagavatapurana_skandha-10_adhyaya-29-33_w_commentary" 0.464481206534575 0.412964092120063 0.450514105945517 0.375572034569404 0.380611957821561 0.406291587977856 0.43161990595749 0.424480463539467 0.432376333369023 0.443986376582484 0 0.345984028325989 0.387391069421202 0.408902132010145 0.451118028297379 0.483052993357538 0.442363528662827 0.4428288089508 0.439744271103355 0.394204194722585 0.47735674547098 0.445867064172463 0.461404494977097 0.463117548348056 0.449240340237412 0.489860696006161 0.443256194291314 0.590273691971099 0.461324165225094 0.460845939935276 0.455366094511065 0.481542477866669 0.412982525801276 0.431885499341392 0.404627585481196 0.43979519312593 0.421991795512967 0.45761481661114 0.452767076906789 0.459474832594163 0.446598458219332 0.440841789927053 0.451108423278013 0.402073188957881 0.413292293978926 0.423828881140921 0.465840475832501 0.481528840627503 0.57712888551689 0.516708434460213 0.426795895007732 0.423014749889292 0.444867247741239 0.450981064340931 0.4855108553624 0.409158957019745 0.456814113126837 0.465113600111993 0.459243216356185 0.423861708730554 0.440922627788852 0.437636913597232 0.434742050837162 0.45909207968136 0.43573333143551 0.453272997512508 0.519398136319995 0.513036109580709 0.462890761399731 0.530352463691594 0.477960797084656 0.439889361640507 0.461924854258701 0.501869489203864 0.473049904470305 0.407017460719891 0.437276571717172 0.498299523020192 0.459998387971877 0.519865310301464 0.423543870121224 0.471179291139094 0.441610832829419 0.471886541678802 0.504449760270272 0.530953588055307 0.492502231315077 0.53134375232233 0.491747182481968 0.516422622880048 0.488335254120842 0.486984941768418 0.492061259492703 0.534471274165462 0.457578616391711 0.461265135658427 0.397305329951581 0.498741062398091 0.42321080810365
"bhagavatapurana_skandha-10_u" 0.385250721675598 0.262188723779216 0.351144795582399 0.253489439343412 0.226954403470429 0.335239476956241 0.286416577037197 0.303455788302002 0.275963726691683 0.295911010947298 0.345984028325989 0 0.271289703675857 0.299642220016215 0.37111237162435 0.424669110926646 0.345157745747559 0.383862668251469 0.355932130505327 0.291829712429704 0.434629617376295 0.368104293359393 0.3982475327957 0.385524365131523 0.399346552135182 0.445842725518501 0.370295469644214 0.56857253348458 0.36582806188074 0.392861101023888 0.370195491026388 0.421035217144308 0.301527469419278 0.329878675403274 0.291099025216372 0.350930145931982 0.324836924882312 0.363129587874413 0.355473129334006 0.3612819616594 0.346914166264946 0.357001409218042 0.372307234620033 0.31552236918533 0.319874470450633 0.334930146896096 0.384519740492033 0.401375302965919 0.528675176960151 0.461306691189288 0.342439506601111 0.324940235000161 0.363950462019046 0.383947870326675 0.423897402798314 0.311369232913495 0.380920860099511 0.44263940764341 0.361869954025414 0.334123074632042 0.35695431233203 0.353394962155507 0.352236031236053 0.357500870765004 0.339007334827634 0.371782497679161 0.460971748466626 0.473966715727938 0.390687682895275 0.485005740157757 0.394550727543489 0.36553556687859 0.399344883795073 0.464665702988434 0.383844688698691 0.34947515462022 0.367235271573324 0.464197634237311 0.382607075469765 0.486683017148378 0.326924397020654 0.413882873796832 0.33850744468728 0.39799284725633 0.452560258880447 0.507344785136344 0.420747376883194 0.485119091896646 0.438313470117209 0.447540076577667 0.444909367865385 0.398573423879753 0.443241793692354 0.483501660352591 0.393749296402115 0.38128626282697 0.322908314001033 0.447440202165727 0.32775955038378
"bhagavatapurana_skandha-11_u" 0.405714931123703 0.302948427080245 0.337172264026741 0.25577529563639 0.270158722656992 0.345822475092443 0.299162122154294 0.299837364845814 0.333466470441093 0.360618829825967 0.387391069421202 0.271289703675857 0 0.313210639617381 0.394870829744339 0.4197402941361 0.37955436558709 0.407128927241828 0.380583670276255 0.324759336390505 0.42466057612375 0.393144849629795 0.408224206351488 0.399075763621855 0.393906829807674 0.447024967618612 0.395232662612693 0.567315527044091 0.376465699634101 0.374556499507735 0.379091112524595 0.424838990935107 0.3462098318606 0.37251023040067 0.333131523251651 0.38749940804972 0.350499117365773 0.400648946106302 0.40169826264198 0.408016864843114 0.401212746947762 0.396664174431645 0.406643814543405 0.299033228871103 0.326981908647476 0.344600406118326 0.412275734824049 0.451663250058621 0.544696239599412 0.478823603310905 0.36353029384462 0.357645947321441 0.374386443956796 0.398143964778569 0.449747424340046 0.345017866381892 0.409391384387691 0.432879995258601 0.410008183281642 0.379477528638659 0.400338003491419 0.396950789148694 0.399865625589119 0.410793454001262 0.386729071378129 0.382668455598064 0.47551317155541 0.481725413200727 0.421483313968362 0.493178629505573 0.417107539440122 0.380240355262891 0.398007694873143 0.452952087486576 0.408371649008936 0.368309078387211 0.387580639006287 0.436003405433241 0.402146701793581 0.452080084816394 0.367010319475824 0.428172783095932 0.385018227391083 0.403870106906865 0.437911327856649 0.474827852030959 0.421661439141666 0.503990809645066 0.434749565442762 0.462471956032849 0.43427795503016 0.430672085425608 0.432693027505203 0.493153003194413 0.40844018205698 0.390480327852958 0.321598258495333 0.459589336449799 0.362415302886941
"bhagavatapurana_skandha-12_u" 0.399681449262721 0.328439974713882 0.36397814656844 0.305894988377732 0.300259639124689 0.352662401590014 0.341789059969155 0.356642550565361 0.346002621600081 0.364814970223903 0.408902132010145 0.299642220016215 0.313210639617381 0 0.3874866230495 0.401713060545776 0.362943201520933 0.403437034462008 0.363995018454166 0.319772871964946 0.440451650593419 0.402349582361566 0.417962078521244 0.395727764919733 0.41242156477846 0.453764470212585 0.390011446109454 0.559435573483867 0.364940130937081 0.389460409982308 0.36958514828402 0.42327503518834 0.345305518882097 0.380115139318675 0.339441191732794 0.397914242712212 0.366287240328031 0.405767104375382 0.407548124720704 0.411149401278136 0.402201623451047 0.402549898892566 0.411227956732725 0.330389662988626 0.337807048485998 0.364382238904166 0.419766901789238 0.445638509061036 0.545526424646865 0.478412620872848 0.367424719955459 0.34267332281768 0.37445876251045 0.412209516023069 0.440493442126778 0.339665028629557 0.406724263020484 0.441138201181191 0.395571891892317 0.384357661097624 0.405306778678245 0.401038395049381 0.409061280497093 0.413922591250103 0.380205625337437 0.379167311422105 0.475234869333884 0.484800802430966 0.428062935026604 0.48466910787976 0.412992187690174 0.372171390380153 0.402626189079031 0.455684692594507 0.400562596693049 0.383903635916693 0.373193379766019 0.454861690938164 0.400966112533217 0.471866620084509 0.367771712570286 0.418184820499076 0.379622827736098 0.385783338926458 0.431380892282185 0.493730374012256 0.404536439693769 0.484983289740247 0.413485772869499 0.441878367035752 0.437157984829628 0.402830909769006 0.42313626392348 0.500210766914111 0.406143906252527 0.370952750101417 0.335166666580695 0.444096506037845 0.344057908728151
"bhavisyapurana" 0.283205271499227 0.375653188949756 0.421336548207087 0.392631048266845 0.379679249607723 0.427759558106776 0.358532901727409 0.370353244200008 0.356830468374128 0.363144292553231 0.451118028297379 0.37111237162435 0.394870829744339 0.3874866230495 0 0.326298410850475 0.250008728202855 0.296830238141239 0.249837888784023 0.272657211786321 0.35786750831067 0.210096719780754 0.262226617622237 0.258732578052607 0.268194956130374 0.339316398704082 0.251850010065334 0.538985146678606 0.302309448130045 0.2968551186499 0.256604766118102 0.285052931420325 0.338981323484054 0.374870195613323 0.328173966041795 0.39515815979893 0.361587001549411 0.40681452631172 0.410835336171492 0.40982556496961 0.387188649401245 0.39447415664529 0.411687042079206 0.330107168805438 0.319156589510533 0.356231285365581 0.417301166169518 0.454895933414996 0.541953044367896 0.475995722501269 0.271626378050796 0.229902307571096 0.222172507768186 0.266234520496824 0.326438649382042 0.292784132034269 0.303970508873445 0.401449522520666 0.383920321475089 0.370997616615754 0.390624179752056 0.388858481317584 0.399742209601121 0.408749037855781 0.364017372586039 0.248651959477296 0.363923584762661 0.406298316914594 0.271957060619006 0.386286956774847 0.35305758482419 0.247494992968547 0.266974390888046 0.314309706243705 0.326785546721919 0.268446013611738 0.28693669238968 0.37016315965735 0.313463435366091 0.435062453005475 0.288377788104059 0.326031269365984 0.272906061655999 0.312189521060516 0.385394620013894 0.428337572558467 0.358551801751261 0.422570190694561 0.35889382266259 0.394361229538032 0.340515405192034 0.341841437924699 0.371876529406576 0.395323405940661 0.266532474894294 0.287207110194116 0.308456431794123 0.424086646001792 0.269124834326442
"brahmandapurana_khanda-1_u" 0.37548989039371 0.405678573976008 0.441338886339872 0.414641771358742 0.406032238589784 0.444178653332955 0.386692042047961 0.402281453388182 0.395293861273304 0.388622317912242 0.483052993357538 0.424669110926646 0.4197402941361 0.401713060545776 0.326298410850475 0 0.24975134034116 0.311230805118848 0.190832491639357 0.343211234178912 0.409217643306683 0.357678809181213 0.360962977800564 0.350889417672906 0.363236767486457 0.396904062552571 0.345512293963472 0.578704599331191 0.31642018442625 0.363540156497641 0.270717640748407 0.360325129785911 0.371701614986689 0.405335608487012 0.369215342503968 0.423298741849789 0.398470645460706 0.423224456604298 0.439262855896582 0.440771737255399 0.415354678258103 0.420690159393808 0.443421273335397 0.358635577063191 0.349916800469981 0.382719318407629 0.439334662787923 0.478933147105693 0.564131167146976 0.489928987264647 0.311256648305166 0.260813636353819 0.330070902184273 0.382175989961213 0.404694548651097 0.387573941265215 0.409279580195455 0.421801481121455 0.413034717301832 0.419136858025635 0.439238960954058 0.413626651675492 0.440209194705855 0.437868770039536 0.402225417450545 0.338208789046003 0.420114029352993 0.467016341920473 0.379913806948363 0.423293912033841 0.413941325806227 0.298308793227243 0.335987882106084 0.403547787622593 0.382487962450337 0.363105913100333 0.364686715814079 0.402952272374597 0.340504793676515 0.421288427705569 0.329714871643326 0.376065584912227 0.360864844785628 0.160727530844349 0.240356599757306 0.424814435323119 0.284544268504236 0.365647978127574 0.198648958290504 0.275722858914063 0.327960907614011 0.309463900844895 0.262831958594075 0.452151058473098 0.36750488778195 0.179976492797738 0.382598941589466 0.475300316644696 0.307134938211809
"brahmandapurana_khanda-2_u" 0.333321937721077 0.344658518819254 0.399904519402154 0.367439236432221 0.347878171316557 0.410600093004868 0.323141361100789 0.346371639215578 0.32728609847864 0.30715317612997 0.442363528662827 0.345157745747559 0.37955436558709 0.362943201520933 0.250008728202855 0.24975134034116 0 0.265960500486823 0.132004231232123 0.261850986205916 0.370729093243365 0.26445898599442 0.308297585581588 0.300086141981207 0.318609793388896 0.359883950030918 0.277674360828091 0.558978975410408 0.266641947863886 0.316431549769748 0.231863651807504 0.320544835043768 0.2876187661575 0.34066945461547 0.284527683673915 0.360052057278175 0.330001081744912 0.368465217162446 0.377018681966661 0.381324937123914 0.3434312043851 0.360541674374966 0.393570634115638 0.308644726828335 0.295338561617839 0.330205605839314 0.381675408210009 0.423719861621507 0.531334670332222 0.452448607447661 0.236532383782552 0.192693805094812 0.271707118746522 0.304261069710324 0.358121439246366 0.292504675374468 0.328923124137346 0.394643245341097 0.336581369248461 0.342736242334635 0.367066581724995 0.352728518872814 0.373413334015619 0.375568034229538 0.325361129936356 0.269341822872318 0.369240529634206 0.429111659129486 0.299512278150995 0.395764200464402 0.349539033013352 0.23448212582884 0.294521391340696 0.375920632973641 0.331264036871317 0.296357859740343 0.30518520730956 0.370423500371013 0.277544942358725 0.426430034739872 0.249781120379751 0.310457347703216 0.260411941898283 0.206237803601229 0.325060010682087 0.425646665324564 0.295372327220493 0.387901185289056 0.301226808232905 0.301393294230556 0.298446852963702 0.229423764077674 0.316420171836233 0.41310583765665 0.301114009584309 0.185096497154019 0.325854197333544 0.433857236927862 0.229312828761554
"brahmandapurana_khanda-3_u" 0.322889083879647 0.398364197010297 0.43499999941214 0.400957100618142 0.392697813394606 0.424417415205552 0.36525788214284 0.38040266937132 0.365194300261305 0.382547470657575 0.4428288089508 0.383862668251469 0.407128927241828 0.403437034462008 0.296830238141239 0.311230805118848 0.265960500486823 0 0.190849591661526 0.337157674753516 0.361264873265114 0.304642719730854 0.301747577217927 0.307673507603104 0.34922986141226 0.379894365387477 0.296608678081018 0.556075814376075 0.303563654702843 0.353069748309963 0.283435752762723 0.322703837242805 0.387581095222448 0.413137695601301 0.372863979912826 0.424010140570434 0.403383786763326 0.410296633255253 0.418781157878711 0.422893117707929 0.404691987157943 0.415868139866751 0.440032688420651 0.379519650396495 0.379008299524295 0.404026218320109 0.450877523973256 0.469088220700595 0.575247048498503 0.500231962139524 0.290502253500845 0.258013513409751 0.265444490513247 0.350084162991988 0.394753603145536 0.358078173676842 0.351091141880344 0.387509793012514 0.412805865971292 0.410618877674478 0.412729187922516 0.403163243411593 0.403621862979815 0.409501676927354 0.39434503572798 0.291933337310522 0.387745115268471 0.454170446280467 0.324740150573034 0.397565593954022 0.376737374960631 0.283041820759902 0.298788655751273 0.375511661523955 0.355443909548358 0.290912660102241 0.347129853674606 0.374352559274469 0.338644437693503 0.433948755151693 0.297505949722712 0.368312035238783 0.301058137803962 0.299470743166051 0.363874121523895 0.455880551556862 0.359494565985377 0.384988032235744 0.338350735010678 0.362421057947199 0.371464413014747 0.355442327097196 0.331004189724208 0.439519881329772 0.338495914701877 0.279098897044782 0.369081885602676 0.45537749776131 0.295236274216346
"brahmandapurana" 0.309082022812044 0.356776958315867 0.406607608613183 0.368591947413862 0.354594851857936 0.40801174093386 0.329220857662987 0.350515887855522 0.334472304370969 0.332038000997892 0.439744271103355 0.355932130505327 0.380583670276255 0.363995018454166 0.249837888784023 0.190832491639357 0.132004231232123 0.190849591661526 0 0.271925250179249 0.358704795820755 0.271347429017995 0.288604407855146 0.283391774025248 0.315946006658171 0.355502398329837 0.270424124637811 0.556574223672151 0.25531872600234 0.315241275616882 0.215536295725276 0.30282709308459 0.318609114097776 0.360256214315229 0.310711278494274 0.381097662903596 0.350886757870942 0.377761645698665 0.389243055774272 0.394176826214735 0.36229968828135 0.374393863475467 0.403943102488101 0.318981570539888 0.307816789349754 0.348006093221962 0.403133625768387 0.43908947631649 0.545991229918083 0.465301790636445 0.233481158456293 0.178609082207207 0.250498180507506 0.314085979986844 0.360703499312219 0.313840288491791 0.329670385053669 0.384236450970529 0.363392539843083 0.365176027711247 0.382628850484304 0.363783355977906 0.383525666486314 0.385182981001191 0.348092290789554 0.263871575803326 0.362277361572154 0.432499273618392 0.303794293610849 0.382594248051115 0.355325717103834 0.225796127451482 0.278184241900722 0.363189970048846 0.329503521421073 0.28104258985112 0.305982910654071 0.361593858078156 0.287978494272358 0.413932423752086 0.254020965186978 0.325748452585508 0.27266238658917 0.17505449382428 0.288265642841295 0.419352685551089 0.282318712860122 0.358146569799964 0.255237822634911 0.284863520670861 0.303690238771513 0.261963385588185 0.27678760330862 0.413836207425507 0.301718603506003 0.15233008687939 0.331371807411748 0.437135929526686 0.232459589298222
"brahmapurana_pu" 0.332977991128645 0.338824208988372 0.397356452007996 0.317284339734754 0.303037380780158 0.386079647246268 0.334890618052437 0.355308905629246 0.34251303683507 0.350640241583634 0.394204194722585 0.291829712429704 0.324759336390505 0.319772871964946 0.272657211786321 0.343211234178912 0.261850986205916 0.337157674753516 0.271925250179249 0 0.387539079367796 0.273005491687827 0.316797455518152 0.327825020554978 0.323308279040557 0.38042363481157 0.279935174333999 0.527150945492301 0.289400302666544 0.309280593029394 0.262084217754274 0.342075587229705 0.221633659221809 0.28100982127381 0.208748818915343 0.308151875949205 0.265785239677776 0.323391169402849 0.328735117716004 0.3335813463921 0.292083379889453 0.312689256603229 0.346086911840747 0.218070675987928 0.205253283657063 0.246242241745875 0.329404475761052 0.376198796384328 0.494779745651785 0.413079715007563 0.263398188703662 0.224115020838757 0.300422237933848 0.310555715112605 0.333419918433722 0.215230406514927 0.33111917604543 0.428761172753452 0.290993485073638 0.286910460643787 0.318121917513839 0.301382449615978 0.325468161519973 0.33105469675669 0.269493108835721 0.277978296113679 0.418017871302724 0.408100793453398 0.314556291387478 0.436193430633232 0.340567406818712 0.264004403856734 0.328124298286413 0.382648603675181 0.315904324497395 0.296568977467658 0.234096641552966 0.391744860568385 0.302188036459475 0.427956578413785 0.245607750068105 0.311170283884758 0.269711395897324 0.312520573082282 0.387602405325525 0.449507561181462 0.358731337201957 0.4435312231062 0.37257120866352 0.387582526449848 0.360141824976413 0.338469726076345 0.383911218690775 0.42517541266642 0.29005805756546 0.289310468939531 0.223325547921897 0.387607048560895 0.258092151291925
