"agnipurana_u" "bhagavatapurana_skandha-01_u" "bhagavatapurana_skandha-02_u" "bhagavatapurana_skandha-03_u" "bhagavatapurana_skandha-04_u" "bhagavatapurana_skandha-05_u" "bhagavatapurana_skandha-06_u" "bhagavatapurana_skandha-07_u" "bhagavatapurana_skandha-08_u" "bhagavatapurana_skandha-09_u" "bhagavatapurana_skandha-10_adhyaya-29-33_w_commentary" "bhagavatapurana_skandha-10_u" "bhagavatapurana_skandha-11_u" "bhagavatapurana_skandha-12_u" "bhavisyapurana" "brahmandapurana_khanda-1_u" "brahmandapurana_khanda-2_u" "brahmandapurana_khanda-3_u" "brahmandapurana" "brahmapurana_pu" "devibhagavatapurana_devigita_adhyaya-31-40" "devibhagavatapurana" "devipurana" "garudapurana_khanda-1_u" "garudapurana_khanda-2_u" "garudapurana_khanda-3_u" "kalikapurana" "karatoyamahatmya_pu" "kurmapurana_khanda-1_u" "kurmapurana_khanda-2_u" "lingapurana_khanda-1_u" "lingapurana_khanda-2_u" "mahabharata_01-adiparvan" "mahabharata_02-sabhaparvan" "mahabharata_03-aranyakaparvan" "mahabharata_04-virataparvan" "mahabharata_05-udyogaparvan" "mahabharata_06-bhismaparvan" "mahabharata_07-dronaparvan" "mahabharata_08-karnaparvan" "mahabharata_09-salyaparvan" "mahabharata_10-sauptikaparvan" "mahabharata_11-striparvan" "mahabharata_12-santiparvan" "mahabharata_13-anusasanaparvan" "mahabharata_14-asvamedhikaparvan" "mahabharata_15-asramavasikaparvan" "mahabharata_16-mausalaparvan" "mahabharata_17-mahaprasthanikaparvan" "mahabharata_18-svargarohanaparvan" "markandeyapurana_adhyaya-1-93_u" "matsyapurana_adhyaya-1-176_pu" "naradapurana_khanda-1_u" "naradapurana_khanda-2_u" "nilamatapurana_au" "nrsimhapurana_pu" "padmapurana_a" "pranavakalpa" "ramayana_01-balakanda" "ramayana_02-ayodhyakanda_a" "ramayana_03-aranyakanda_a" "ramayana_04-kiskindhakanda" "ramayana_05-sundarakanda" "ramayana_06-yuddhakanda" "ramayana_07-uttarakanda" "saurapurana" "sivapurana_dharmasamhita" "sivapurana_karvanamahatmya_au" "sivapurana_rudrasamhita" "sivapurana_sanatkumarasamhita" "sivapurana_satarudrasamhita_au" "sivapurana_umasamhita" "sivapurana_vayaviyasamhita_au" "sivapurana_vidyesvarasamhita_au" "skandamahapurana_himavatkhanda" "skandamahapurana_kasikhanda" "skandamahapurana_revakhanda" "skandamahapurana_sutasamhita_khanda-4" "skandapurana_adhyaya-1-31_pu" "skandapurana_pasupata_adhyaya174-183_u" "skandapurana" "vamanapurana_saromahatmya_u" "vamanapurana_u" "vayu_ba" "vayupurana_01_frame-and-cosmogony_iast" "vayupurana_02_pashupata-yoga_iast" "vayupurana_03_kalpas-and-shiva-lineages_iast" "vayupurana_04_bhuvana-vinyasa_iast" "vayupurana_05_jyotis-and-purvardha-close_iast" "vayupurana_06_prthu-and-prajapati-lineages_iast" "vayupurana_07_shraddha-kalpa_iast" "vayupurana_08_manu-candra-vishnu-vamsha_iast" "vayupurana_09_upasamhara_iast" "vayupurana_10_gaya-mahatmya_iast" "vayupurana_revakhanda" "vayupurana" "visnudharma_pu" "visnudharmottarapurana_khanda-3_adhyaya-343-353_pu" "visnupurana_u"
"agnipurana_u" 0 0.39498902574574 0.424881012030176 0.393788392408399 0.380353364752869 0.426375510726921 0.372165203465433 0.379814292841594 0.376748299868738 0.378944138517017 0.452544176402233 0.376101332533787 0.395722793118686 0.387600937112176 0.274818583163643 0.36755168314661 0.325584842398841 0.315110200441645 0.302362230931229 0.325190083034321 0.380410955387028 0.327260310212351 0.277090779076909 0.214350584188296 0.305150626496681 0.383050611725367 0.288098772077632 0.524116405006302 0.337853177272248 0.322149850681167 0.300235437927314 0.298711688380487 0.384678512697636 0.409684887964462 0.375368003972446 0.418089584559122 0.397206333099206 0.420146794862032 0.416927896359154 0.416954308013004 0.410785408447596 0.408620746868159 0.430497149469586 0.37214779730665 0.369639819237255 0.398651483792525 0.4538353086873 0.45939748151998 0.561136790426657 0.492857971512828 0.315206013690184 0.288246729002986 0.225881560667428 0.337619181289169 0.374944262987514 0.346052067479828 0.350019706771149 0.397433873281853 0.417587103011631 0.402931970870618 0.408614587300368 0.40798080860765 0.415070041192767 0.416314629022471 0.402048911778985 0.31771777607929 0.422752276839088 0.438678233754766 0.366821139447645 0.444939231412328 0.400130713959519 0.315844881607934 0.313809057720494 0.345440011486923 0.35792484623746 0.294385534036236 0.332614497206195 0.397799061650909 0.37061877553625 0.449508431172292 0.344667494759255 0.387481064119099 0.315645888204894 0.341705372713751 0.406934482997069 0.434743473153406 0.388408921345383 0.435106572277796 0.370297831659335 0.400896097069529 0.366050517243768 0.380750195450786 0.392807991148623 0.401343154186264 0.341084079716312 0.321412809944397 0.349268478925714 0.434466042523667 0.318798620365237
"bhagavatapurana_skandha-01_u" 0.39498902574574 0 0.307583288906565 0.275492564578635 0.26416313685146 0.34828399283137 0.270518669230051 0.279069304331926 0.287779579948617 0.296558819888976 0.398909166324826 0.249320009267928 0.289215409728805 0.314184393272784 0.362313151950297 0.394248148785246 0.332180059439569 0.386167057175106 0.34482544668643 0.325715646559752 0.417682028779796 0.362875976867701 0.395963904235047 0.378992917952193 0.386750517084602 0.434408527300939 0.369837408671557 0.562707413648636 0.350074571149748 0.371389358085362 0.362889295644092 0.413234144968023 0.324449863850329 0.350955505266224 0.31902280452498 0.369677280879378 0.340402224150468 0.385124695213211 0.38357619803558 0.38883583837468 0.377959119578106 0.370700301576588 0.387704377210608 0.324769524259303 0.331867766039308 0.34470164344265 0.390865890198814 0.418862578688048 0.52253925162212 0.452482440210055 0.333814110889988 0.324503146882976 0.356707879591695 0.374915841251325 0.422811703834882 0.344369551668559 0.378044216521058 0.415900376184097 0.389137282401891 0.365983977415784 0.388874658296116 0.388251899477221 0.396095172670824 0.402510477975205 0.368492272683961 0.357417886678696 0.4356218641205 0.45276168991271 0.390483816230826 0.462530552516172 0.3806623170498 0.355826732716103 0.38566455246696 0.441237720253924 0.372310016385786 0.350592057603115 0.377722674817668 0.434281586854613 0.372858175464715 0.451734566122744 0.328586645743878 0.396142971905172 0.343275842292402 0.372368128767955 0.418191015107411 0.479071366622145 0.396680669122083 0.472014555220094 0.40898462251657 0.428105154010877 0.416628853848693 0.378717710536197 0.414233944602282 0.46131845030252 0.389267947672172 0.358757809252129 0.343703510142395 0.45153465694126 0.334074049548895
"bhagavatapurana_skandha-02_u" 0.424881012030176 0.307583288906565 0 0.296765943148147 0.309182556568685 0.356800562892722 0.315847074060921 0.316566840073147 0.328991898161511 0.351382164424255 0.436120182250391 0.335650296743801 0.322293998603828 0.348883212737348 0.407552339470977 0.429203784725021 0.386260577931744 0.421374387192222 0.393552686062645 0.383318128038066 0.434913517521639 0.409673972181249 0.428301933986212 0.411388287363493 0.423429055496672 0.456040661334322 0.401654919922918 0.568685750673879 0.376110087784699 0.395811921971471 0.393580644598826 0.431514347247529 0.399265165525031 0.424419747057265 0.394644587744623 0.438443573108768 0.414633475239621 0.444000737443984 0.442015879730189 0.448258149761185 0.440972464330981 0.432859479762598 0.443681147429346 0.379081818949718 0.393874375868022 0.406053535210072 0.456192489422748 0.476369227759853 0.557259685817094 0.495774126839652 0.384106871697861 0.378198053042871 0.389672895448737 0.414505085004057 0.458277070358873 0.384473206585994 0.419794651681949 0.423380271092274 0.437569722302479 0.430385523329359 0.434221813126246 0.428952716789321 0.441907833312811 0.445994899764811 0.421674126227479 0.391773959262992 0.468043744925528 0.482197647870855 0.431758358081973 0.479879847899392 0.413372144545512 0.395193455765722 0.402006405437882 0.460105345469691 0.411004309709288 0.380875826970197 0.417583134890827 0.443530895601382 0.411423116280696 0.456228854178457 0.383541478232633 0.42536418702633 0.392628321985448 0.41475474759886 0.443092058071631 0.479358778326352 0.422868519176406 0.497079255392821 0.44414952896838 0.459107586159012 0.447395871064049 0.429032612708397 0.440584969059712 0.488368049420179 0.422266719606382 0.400949224925801 0.374230429761588 0.469956461652352 0.37492833707086
"bhagavatapurana_skandha-03_u" 0.393788392408399 0.275492564578635 0.296765943148147 0 0.207205078569197 0.304466083503213 0.283697295381588 0.295275944543657 0.295416356974405 0.321308903915422 0.361914356958394 0.243263767463904 0.244029749531141 0.291289308788141 0.380905525482075 0.40460456804805 0.356976408969037 0.389691381991279 0.358555048027453 0.306086827058604 0.418381972298239 0.38454119757244 0.400589350270705 0.390738601761529 0.397399938743403 0.441741056505471 0.372466817915537 0.55390652992917 0.360265582703953 0.375835104759603 0.36424079430778 0.41068941277946 0.32102963473152 0.357319674576124 0.311212716862442 0.367262836408272 0.341803797747436 0.380986122306536 0.375954363804812 0.383242188662235 0.372075287498912 0.366179441023422 0.386782550659906 0.299033083256786 0.31485028741378 0.334012352385941 0.399890772020532 0.423944027879992 0.522380070924095 0.458932903126644 0.346611524052358 0.33608961235145 0.36817877375779 0.380375182896318 0.436164835854694 0.324284566785943 0.386567461347832 0.41688471326939 0.373701467126542 0.352201205351887 0.369961506291869 0.369035230322753 0.370435679200084 0.378626156224833 0.351645077082777 0.373760752243951 0.450657361384991 0.467282797690854 0.400428780374742 0.466909303597181 0.395021739513661 0.363126450111821 0.377668302180395 0.445417379097798 0.386132639708645 0.349027938258929 0.377263499681456 0.441672652348814 0.383033632498267 0.444858124546178 0.339067081635139 0.405745273764457 0.359833065280143 0.386681496780684 0.41930226571753 0.469963915481726 0.404411392687072 0.487793858864029 0.420435552443357 0.437009975510231 0.425240724819044 0.406551761670393 0.417948574832403 0.475134303746587 0.402833974460093 0.3730242993122 0.311116898587517 0.440793147906368 0.342478413431296
"bhagavatapurana_skandha-04_u" 0.380353364752869 0.26416313685146 0.309182556568685 0.207205078569197 0 0.305018165595013 0.267725966798673 0.279666026789095 0.281979330352639 0.298941770016611 0.367627304677674 0.216606126307423 0.259293481987823 0.286833286652748 0.368325124949174 0.396247755487975 0.337720081826531 0.38232383786206 0.344853473447896 0.292392153999185 0.413363662528186 0.368426187359214 0.387320191749548 0.378421326648869 0.388026085730139 0.43968470229317 0.360802899588996 0.546579327336941 0.343447873454093 0.372387351595651 0.355128074945497 0.405414553385863 0.300445511390279 0.342030951516437 0.294230928352497 0.357192863440905 0.326914346432444 0.371918072840331 0.368381131389663 0.372307104705447 0.359284449281435 0.35451046908571 0.370708916130435 0.292245583207722 0.305757792871397 0.320759330675186 0.383095374858342 0.414317509491095 0.513886174657781 0.445518974734669 0.33586061062638 0.320186842573393 0.354520282598521 0.367133695873121 0.420543633353542 0.309337013008539 0.37570308200939 0.419534474228901 0.356476886965216 0.333071422919868 0.356855214118266 0.356724540932913 0.359530452005705 0.369322393744058 0.337226920010907 0.36077978950359 0.442165223709445 0.462318473291067 0.38488138501368 0.467140429409787 0.387917850932816 0.353468904754681 0.375351885080331 0.440498121505382 0.373570001899188 0.340983336147726 0.358701455510165 0.435333527893779 0.372412331213534 0.457606388106688 0.32688510121906 0.392868620679037 0.339820736776645 0.374318812280098 0.422992027910183 0.47468302057641 0.398406744826669 0.474622676621248 0.417592604555267 0.424945192678604 0.415155391453157 0.387842758117667 0.418665218969202 0.462690857259414 0.38664006507974 0.359179494118874 0.302085643962811 0.42812566157633 0.331304729163947
"bhagavatapurana_skandha-05_u" 0.426375510726921 0.34828399283137 0.356800562892722 0.304466083503213 0.305018165595013 0 0.348197433024118 0.364380164497536 0.350203242390411 0.380799247153372 0.392765651554565 0.324520100486681 0.335066987107435 0.338111352367887 0.416956727306925 0.435201829414166 0.40053637357275 0.41381444300103 0.398604231224253 0.376071012304431 0.455177127566797 0.431429194453942 0.433482586072453 0.421678627808951 0.435518182247174 0.468977254783408 0.42258275066604 0.566283956406857 0.407553423835028 0.418156396160979 0.411485664804123 0.445716755156123 0.387723087859746 0.40925332205031 0.377800066712303 0.423932670722508 0.398967948885155 0.43200321015257 0.432197666168738 0.436096472927352 0.429267157961912 0.423104472517915 0.43049945464576 0.37137028199232 0.38098049773658 0.399500904502394 0.448990946261904 0.471297783663829 0.555487884069763 0.501552652292009 0.398192031280358 0.375435168241685 0.409589124794394 0.43129313292005 0.467833842986386 0.382320043772184 0.412045039606064 0.424089760901155 0.429557615676434 0.410517830944663 0.418393400166545 0.415757527880829 0.418595268149798 0.429196405950664 0.412155068374638 0.413394606807798 0.46107428221749 0.506354501446162 0.443582409737241 0.467222494263285 0.444255829105446 0.41043541377298 0.418479361801328 0.475109051637817 0.433675068159295 0.383507199198381 0.414541732379055 0.466587892160323 0.42447681275162 0.496457402313931 0.397819024731442 0.448399089619288 0.400666557849014 0.418520740757379 0.455427541225078 0.493053297777821 0.442029158084321 0.475682545959081 0.438897779707399 0.469580035895681 0.459158231460722 0.437328821496013 0.452480005128399 0.516105051088111 0.434488149601725 0.407420791360509 0.373065209457561 0.467270933102799 0.38211850275749
"bhagavatapurana_skandha-06_u" 0.372165203465433 0.270518669230051 0.315847074060921 0.283697295381588 0.267725966798673 0.348197433024118 0 0.247777537515122 0.238118753666984 0.277340851042765 0.417345468216947 0.273748944268495 0.28586332084044 0.32694007279639 0.346221528315454 0.376258047532916 0.311298279798525 0.353677253298539 0.318229841267698 0.323207480354359 0.391960159811037 0.343160536804694 0.367313989320416 0.353569683095122 0.367905948031064 0.409565392730247 0.348627336305283 0.555880601049213 0.315184380762839 0.346453921155288 0.32851483331011 0.383215097435751 0.341366230786065 0.373092539056813 0.332619141729326 0.392349450083167 0.360161567397705 0.396706969419581 0.403155213712345 0.403954819931642 0.39008509006638 0.389197776899603 0.405888609535343 0.325412209745972 0.331525623667005 0.358152043847288 0.410626432294331 0.443835875743932 0.532388001759093 0.46655705070351 0.306067036980559 0.300355372657792 0.335473298225479 0.359493940309105 0.410485195013413 0.334272759944118 0.370560972465251 0.402317475030984 0.392831616173146 0.378040745545516 0.394007120509383 0.391598311016924 0.400356270396677 0.402320702732183 0.371788779033713 0.328803798878598 0.418823216094677 0.448642047448173 0.358800429345638 0.443494223703762 0.364880871285568 0.330159617827878 0.352457757099432 0.423383879923078 0.36105582570123 0.324320624425058 0.370845984470975 0.400566706362042 0.349122588238248 0.440658330252526 0.315805024397257 0.374895645793579 0.314359450682668 0.351539198275473 0.399884672552495 0.450410095126496 0.370991687903191 0.45662668709271 0.397592098325966 0.399922558588617 0.395531733645165 0.365569398649748 0.396636839656445 0.450033671590737 0.369762708943074 0.335102293317459 0.338423080440906 0.441411159803987 0.30615682062469
"bhagavatapurana_skandha-07_u" 0.379814292841594 0.279069304331926 0.316566840073147 0.295275944543657 0.279666026789095 0.364380164497536 0.247777537515122 0 0.27084847072561 0.296229950046904 0.410501784418785 0.29061386593644 0.285849997273645 0.341392207163815 0.356577546410856 0.390261162679264 0.333254186100718 0.366678138279983 0.33748971283077 0.341374629635563 0.402994484939648 0.353389810967659 0.376728667033016 0.364705803817301 0.366284559115515 0.415294435523993 0.354434347420517 0.558485894005023 0.338024599519628 0.350249887073445 0.345324871966787 0.390786876798198 0.36136923160312 0.388734252137304 0.353236317413265 0.406772675077847 0.377833973492278 0.420740491793373 0.418213011725642 0.420980101648073 0.412277969532013 0.403437999078205 0.423483890675362 0.337308242198344 0.354665734157011 0.37026464505886 0.425766160331 0.453255506904791 0.533097591646272 0.475476919527329 0.320549094341251 0.320689429206988 0.341583779361354 0.36307369540114 0.420865183512718 0.350724461671124 0.373612675025441 0.400027516743132 0.412709395759629 0.395606155701236 0.407780279368443 0.406195617084188 0.418471577078983 0.419306614040338 0.388869348095926 0.338269201259654 0.421223425523751 0.454164298598382 0.373500913547632 0.445614815463296 0.379522483595201 0.343345148278602 0.362885048714177 0.422075368775395 0.372355251148176 0.327393073308449 0.376456290377208 0.410088313893192 0.365014913595561 0.448629096362604 0.333807380297876 0.378718395210431 0.333171551038632 0.369223664644354 0.409317632188798 0.457813655589193 0.390596848901667 0.474379277570277 0.404197704143923 0.423135545656387 0.400041504649062 0.38417456103497 0.405713216568846 0.447806167126306 0.376674261084187 0.354759411086979 0.347071853963079 0.450398977539732 0.317520249865581
"bhagavatapurana_skandha-08_u" 0.376748299868738 0.287779579948617 0.328991898161511 0.295416356974405 0.281979330352639 0.350203242390411 0.238118753666984 0.27084847072561 0 0.276152036006065 0.418751803877937 0.263406345199336 0.321201872699678 0.331660951132765 0.344270815048895 0.385370082081253 0.316334500057707 0.353830135603824 0.324240196339171 0.331097573537923 0.40432146437597 0.34999516023451 0.371979134962323 0.356663262216091 0.381289444562864 0.416065835066159 0.344395900038308 0.557006477338357 0.319775778738076 0.362119427361701 0.33451955497283 0.384663478848657 0.352707641133188 0.378520000613304 0.342930777157782 0.396810960550484 0.37571611763706 0.399883541361514 0.400138103504408 0.401662531378945 0.390737889647427 0.397586921950453 0.416862424378549 0.353907714682059 0.350912921735086 0.374648917189147 0.421796179295351 0.446990175143477 0.540822563645031 0.473234924488663 0.32051867818307 0.29910400316759 0.340287257819846 0.36709713389439 0.404791298556591 0.339131148004731 0.363846774578878 0.406200189596715 0.398295885982134 0.390587027412152 0.397749510089453 0.389495078102376 0.394705371150504 0.391200589949935 0.371963631656828 0.32902449046199 0.418630465491296 0.457755092217098 0.35784778016369 0.435941443677388 0.364295996204708 0.341109903124647 0.360180063732709 0.429915220588468 0.350500239620836 0.336577862387648 0.372161539786315 0.41547426223114 0.349885918918959 0.458354542174137 0.312202495057124 0.372886213193343 0.309552901942181 0.358720459204455 0.412584081390121 0.469496385341345 0.376403605536176 0.445771547690032 0.403566173762872 0.408527328766574 0.409034865078946 0.366935377593111 0.404026135222277 0.45223507631214 0.373524360030347 0.34113368267941 0.34650068649666 0.441931599394943 0.31431704641378
"bhagavatapurana_skandha-09_u" 0.378944138517017 0.296558819888976 0.351382164424255 0.321308903915422 0.298941770016611 0.380799247153372 0.277340851042765 0.296229950046904 0.276152036006065 0 0.430388573334978 0.283187069016664 0.349338628020278 0.351491495619253 0.351293486127157 0.378365547720521 0.296005592882445 0.371142682152399 0.321622609489925 0.339329098844644 0.415285918854722 0.352741528616052 0.389692436141059 0.36916242999661 0.385775138426491 0.426960401717908 0.347792337857663 0.564314109896042 0.332908114711263 0.37357243965234 0.351181797130543 0.401256897046899 0.33657787206093 0.376999770328071 0.339712519632054 0.387753903036549 0.365074577724894 0.4066220281063 0.401827706408727 0.405378463121388 0.388271901710856 0.393940026099253 0.409700337678459 0.357825555829686 0.355087523290388 0.373331089717317 0.408819803718247 0.43472517667147 0.532914895498153 0.472150147573816 0.315901499741135 0.308696745910244 0.355887789984948 0.364577716965467 0.413326245989418 0.347179788890378 0.382841919258801 0.421732226983576 0.374135243906115 0.369826111965775 0.398252548447139 0.388380879459168 0.399334412048538 0.407086335738595 0.369219294361611 0.351042918783123 0.425294824992925 0.461819395752024 0.376359735068585 0.456681293437915 0.378310795503124 0.342268810036107 0.375876045817984 0.446025781298019 0.377415125425033 0.342664859662796 0.379203864458721 0.437474433269472 0.361982164406101 0.466301007945536 0.336757305845963 0.381407305222404 0.323799769638847 0.34463150865829 0.411872568434161 0.475506192923474 0.377623607373936 0.46546964274159 0.400998189787231 0.400096497209819 0.40666802288251 0.317521584558766 0.4105138561608 0.456295798367643 0.382161025091159 0.334403414058143 0.377792140192007 0.463268652750185 0.313999166359809
"bhagavatapurana_skandha-10_adhyaya-29-33_w_commentary" 0.452544176402233 0.398909166324826 0.436120182250391 0.361914356958394 0.367627304677674 0.392765651554565 0.417345468216947 0.410501784418785 0.418751803877937 0.430388573334978 0 0.333649730966999 0.374487666416149 0.395147603878428 0.438050571746907 0.471264701551638 0.429790626404497 0.429117358734389 0.427124982317576 0.381130961372389 0.46344396160221 0.431639566864987 0.448655769309685 0.449577338804592 0.4352989075773 0.475699458841968 0.429880368734903 0.575740495093028 0.448407110713194 0.448192161078397 0.442747046080158 0.468231039645956 0.399551333597903 0.418586726934983 0.391562034261723 0.425018358603345 0.408539775234337 0.444698978423579 0.439637332218563 0.445794555656432 0.434157173167076 0.426193860933777 0.436919380642678 0.388997634478446 0.400327553467925 0.410864227877637 0.452685187660168 0.465602898045425 0.562610127781582 0.501835322169585 0.413876763110886 0.410442591952511 0.432018995204826 0.438592351267891 0.472479498969593 0.395886815977699 0.443871850638152 0.452127017853832 0.446416549792829 0.410428022574627 0.427978522872621 0.424386476577779 0.422540706579267 0.44635483074255 0.421892486305239 0.438966803496935 0.505673502161789 0.496744293018925 0.449438756530612 0.516201414783316 0.463913837421959 0.425473477651494 0.447735974797932 0.487740369352374 0.460405501479223 0.392667889100539 0.424306514740864 0.479164597683726 0.447499472522879 0.506377772442186 0.41002070551774 0.458057576314112 0.428466151009655 0.459199406252005 0.49146294503286 0.516879929816507 0.479836574514987 0.519438468249229 0.478764853459879 0.504891433301275 0.473627873651941 0.47416839403125 0.478473014013434 0.518557363360652 0.445726758920027 0.448596552122081 0.383933425195221 0.482491420909039 0.410133132361736
"bhagavatapurana_skandha-10_u" 0.376101332533787 0.249320009267928 0.335650296743801 0.243263767463904 0.216606126307423 0.324520100486681 0.273748944268495 0.29061386593644 0.263406345199336 0.283187069016664 0.333649730966999 0 0.260977397709788 0.286432740511474 0.359822032159172 0.41566136606559 0.335383366933243 0.373977872817943 0.347156798368912 0.282035242486277 0.420510661361835 0.356763674212266 0.387417416210387 0.374525546541259 0.388193476533106 0.434148210241437 0.359514958998961 0.552197306709383 0.35478311079986 0.382185020694319 0.360189390980705 0.409668719433632 0.29114176322586 0.319167860307023 0.280968839611415 0.337977969957368 0.315285503180554 0.352382229960846 0.344885207473535 0.35017267239351 0.336893193326617 0.342999523967831 0.359674335114717 0.305761801778134 0.309823329589567 0.325126202886051 0.373257910001569 0.385704156637505 0.512237264433175 0.444721352320426 0.332691395679471 0.314895532946478 0.354445853420683 0.374062780036465 0.411881472323497 0.301266362836893 0.370735711236667 0.432189011057165 0.349932926724865 0.323218040448725 0.346220176946665 0.341988280805589 0.341152020012266 0.346328265283094 0.327339780592102 0.359965574601573 0.448560476397626 0.456804035365181 0.379856882841607 0.472326238252821 0.381109796868192 0.354438089023875 0.387723028675408 0.452382886619315 0.372514805965038 0.339038518045537 0.357061761063694 0.448388523043371 0.371595256730455 0.474310977066328 0.315999618366267 0.402767741404251 0.328444139608216 0.387523100918547 0.441201599327014 0.49352034213514 0.409162493949961 0.474204207840529 0.426837920320735 0.436591184682948 0.431657151545404 0.386092756053302 0.430991438313491 0.468487114151652 0.38429866240523 0.371109673314223 0.313064017694611 0.431178362234319 0.31803613888834
"bhagavatapurana_skandha-11_u" 0.395722793118686 0.289215409728805 0.322293998603828 0.244029749531141 0.259293481987823 0.335066987107435 0.28586332084044 0.285849997273645 0.321201872699678 0.349338628020278 0.374487666416149 0.260977397709788 0 0.30044516639125 0.383890300069257 0.41016382766531 0.369608683183439 0.395872212132438 0.37087596762555 0.315120972131996 0.41000757191693 0.381333956978269 0.396583068240868 0.387510897443601 0.38237352925407 0.435376398346235 0.384599282687385 0.551859224438285 0.364958828876768 0.363200819502437 0.368153406494871 0.412690101242141 0.336394910559187 0.361947041607365 0.32332381159896 0.374977361713821 0.340375939788506 0.389238103703755 0.390115212029486 0.396498067435992 0.391039093058124 0.383152474480216 0.393890342675089 0.289475151271262 0.317363361355249 0.334333251346812 0.401528428120962 0.43780100334947 0.529641783380332 0.463104951918287 0.353491042647116 0.346869011552961 0.36343008529528 0.387697307544139 0.438138931498042 0.334961940681711 0.39823610906331 0.422163843690199 0.398583260699931 0.36939729577261 0.389753085139835 0.385491718169698 0.388499545636338 0.399869145982105 0.375649695331551 0.370293471402957 0.462626000136333 0.465652236217106 0.4102721092984 0.480291934068146 0.403906833983338 0.368531076307996 0.385733042368686 0.439898058323208 0.396816378292504 0.35723744348992 0.377225148822378 0.419374587141719 0.39083326611739 0.438346605294532 0.354837539241868 0.416930792983113 0.374036641061456 0.393304506326426 0.425672636205602 0.460994929812809 0.410377640200803 0.492629415851533 0.423693123906456 0.451870431823944 0.420404933931327 0.418713863785904 0.420278270142637 0.478388511602801 0.39849205025054 0.380033501607614 0.310509477553811 0.444570590960096 0.351825177939864
"bhagavatapurana_skandha-12_u" 0.387600937112176 0.314184393272784 0.348883212737348 0.291289308788141 0.286833286652748 0.338111352367887 0.32694007279639 0.341392207163815 0.331660951132765 0.351491495619253 0.395147603878428 0.286432740511474 0.30044516639125 0 0.374486741109792 0.389385402939673 0.350144450110313 0.390046707331151 0.351274963412317 0.30650196022174 0.42559640492296 0.38896096977392 0.404817306453734 0.382137445139476 0.398516365967522 0.440830733716633 0.377447675516402 0.544800510915675 0.351644681854977 0.3761092685845 0.356446058491554 0.410095281188854 0.332332988865395 0.366804232076749 0.326487568026783 0.383682858442794 0.35338828765326 0.392569388033601 0.394105221601024 0.397708449321799 0.389475093722935 0.387139740812301 0.396676428317316 0.317272817628541 0.32480639402784 0.351046589327107 0.406975575957015 0.430611116152772 0.530670285052223 0.462172471307365 0.354401679946382 0.329066119006289 0.361697741394357 0.400408058396012 0.427790826035799 0.32747605948237 0.393459372000636 0.429704573373771 0.382261245582129 0.371784731025252 0.392256625282536 0.388263626232974 0.396675644479472 0.400629992166604 0.366864641729488 0.36535828154865 0.460458744769942 0.469406346426228 0.41619964437253 0.469897804739509 0.399617597827824 0.357854651483058 0.388431221424146 0.441756398772077 0.387549850057247 0.371112347162466 0.35995719742245 0.436172532543212 0.388474233877615 0.458283341224331 0.354291166599065 0.40500542831775 0.366814803800067 0.372131529662985 0.417699806934642 0.478894814968461 0.390432407447296 0.472830735220959 0.400019803112446 0.428990152889777 0.421989738993596 0.388620799811292 0.408965029609296 0.484982351969898 0.394489915519367 0.357390492747435 0.321838158262695 0.427899904344515 0.329958180220573
"bhavisyapurana" 0.274818583163643 0.362313151950297 0.407552339470977 0.380905525482075 0.368325124949174 0.416956727306925 0.346221528315454 0.356577546410856 0.344270815048895 0.351293486127157 0.438050571746907 0.359822032159172 0.383890300069257 0.374486741109792 0 0.319202340984776 0.242049889109514 0.288872422358588 0.243335158327393 0.264435997429169 0.343384858554292 0.201746958921659 0.253054276482022 0.249132952840873 0.258054034584065 0.327505333840949 0.242741665038939 0.52294911436383 0.292643498466104 0.287424944042645 0.249429630511754 0.275535808265113 0.329365643981407 0.364100826324513 0.318851286122905 0.383267364711751 0.350991309416921 0.396548764753433 0.399824107158105 0.398294033724088 0.376960298802897 0.379727261668181 0.398167846703988 0.321155391849108 0.309790639989125 0.3454907818417 0.406012139313572 0.44022344633214 0.525328407033697 0.459033945615905 0.262143423382474 0.222201202517101 0.215069409013198 0.257453289372548 0.316513581227248 0.28307761511129 0.295252716678687 0.392776265332497 0.373645927260859 0.360405421714888 0.380673444416772 0.378293903357593 0.390128746063617 0.398939655012145 0.353124121844295 0.238454327742582 0.354008152969317 0.389414629700414 0.26371047519595 0.376648527306203 0.34207528951373 0.237440084302523 0.258123230341925 0.303960920630583 0.316194658055656 0.258654034651101 0.278057010815003 0.347770975687621 0.303232619796771 0.423674653790833 0.280164559636473 0.315030340334005 0.263311061953963 0.30354719734629 0.374266036463618 0.41381577304947 0.348149487562414 0.411692996561847 0.349232356280942 0.38432840258141 0.327376571080881 0.330577227612207 0.360122736358705 0.380077875776377 0.258583802399573 0.278895292337666 0.298918815670314 0.408335418962259 0.260614218529356
"brahmandapurana_khanda-1_u" 0.36755168314661 0.394248148785246 0.429203784725021 0.40460456804805 0.396247755487975 0.435201829414166 0.376258047532916 0.390261162679264 0.385370082081253 0.378365547720521 0.471264701551638 0.41566136606559 0.41016382766531 0.389385402939673 0.319202340984776 0 0.241986385926317 0.301874170751201 0.184453186688495 0.33620065685992 0.395768413940802 0.349728999465581 0.352434405693995 0.341405130021842 0.354264234641348 0.386088909300423 0.337810761355941 0.565114216556055 0.308590180879242 0.355805429620239 0.263155959000466 0.35021280023431 0.364053698031637 0.396704377542155 0.361827644824681 0.412894166668204 0.39007531636304 0.414136182953357 0.429986135298673 0.431299286134636 0.406855977369621 0.407983127019658 0.431747898276358 0.351508679502902 0.342303784988324 0.373824545107003 0.428821175427095 0.465955603452642 0.549841085437581 0.475029495502717 0.302998787756335 0.253773968167384 0.322139056904222 0.374641628794549 0.396174222256855 0.379756147208967 0.401360269093829 0.413682459285357 0.404134186044172 0.410762083169141 0.431086226362865 0.405008204468151 0.432236698525043 0.429621604317535 0.393297788659725 0.329037659893895 0.409230368481877 0.452813410237875 0.372078757574828 0.412112828708705 0.403742902612704 0.289141017179797 0.326339052166061 0.392246780409883 0.372931054885542 0.354632887107172 0.35703626611562 0.388028522842144 0.331181949633011 0.40925635202483 0.321888396986041 0.366790444194696 0.353336813126362 0.153052932209916 0.22839173693411 0.409857568424811 0.274999137018339 0.354479054580136 0.189339186700448 0.264891994974866 0.314859472936006 0.298864412294648 0.249751853642406 0.438845832435009 0.360890930746467 0.172204271506246 0.373778119974051 0.462412560879552 0.299043786987299
"brahmandapurana_khanda-2_u" 0.325584842398841 0.332180059439569 0.386260577931744 0.356976408969037 0.337720081826531 0.40053637357275 0.311298279798525 0.333254186100718 0.316334500057707 0.296005592882445 0.429790626404497 0.335383366933243 0.369608683183439 0.350144450110313 0.242049889109514 0.241986385926317 0 0.257586695183447 0.127498167666843 0.254249901712279 0.356987682735232 0.255446771203609 0.298859363191015 0.290747259176691 0.309152897989457 0.34885083964507 0.268729580412283 0.543803267536215 0.257361409099695 0.307863847587357 0.223919089483732 0.310132192246471 0.279032505166582 0.33041319872425 0.276112009651527 0.348555652146145 0.320602147439914 0.358373619008937 0.366817027409568 0.370482756751242 0.334033224128478 0.346360938524051 0.380946467838412 0.301089362202363 0.286985319905418 0.320498583837249 0.370443792722376 0.408748760729153 0.515037666325579 0.435447817017071 0.227054731589295 0.184895812928058 0.264347014432067 0.296422464449023 0.348283731792964 0.283327127045579 0.320902355479398 0.385892615590948 0.326630167176975 0.333027476155633 0.358216781762756 0.342849198235122 0.364172375393596 0.366435215059314 0.314813935104761 0.259614169498855 0.358131115195103 0.412583250722212 0.29051929854522 0.38459088752398 0.338323968054911 0.224423172039145 0.284221068628428 0.364533621934503 0.320800485742726 0.287381862373453 0.29643618130821 0.3517623007027 0.267552504831706 0.414674325254507 0.24146513127867 0.299740789677339 0.251940641798817 0.198798909618046 0.313389132676155 0.410639272823945 0.284098876117838 0.376557532164994 0.290251523193399 0.291446587615979 0.28545891519493 0.218585732894685 0.303731807835546 0.398267664041832 0.293642509082018 0.177224393516374 0.316808804102569 0.418882828572886 0.220668050429194
"brahmandapurana_khanda-3_u" 0.315110200441645 0.386167057175106 0.421374387192222 0.389691381991279 0.38232383786206 0.41381444300103 0.353677253298539 0.366678138279983 0.353830135603824 0.371142682152399 0.429117358734389 0.373977872817943 0.395872212132438 0.390046707331151 0.288872422358588 0.301874170751201 0.257586695183447 0 0.184744382988454 0.329048290987784 0.347400936133022 0.2959403420673 0.291698750934125 0.29737140835366 0.339919000356792 0.368464846364847 0.288018478131389 0.539890118372568 0.2928813042311 0.343988962302721 0.275158421021929 0.311687319870133 0.37866258114636 0.40286996521337 0.363794965844538 0.413048701489328 0.393712082986253 0.40020491466188 0.408311269936143 0.412110508705707 0.395359031358744 0.402408207971215 0.427537274880305 0.370834292727553 0.369816575971009 0.394307681647412 0.439969246971122 0.454620024431359 0.55969311318552 0.484160295547605 0.281214138437362 0.24938026288964 0.257248585945276 0.341926724957512 0.385352268342946 0.348810999421631 0.342545200902673 0.377971147153345 0.402684222696 0.400554098540842 0.403045548136509 0.392789965638115 0.39401597997995 0.399943497116506 0.383578221951276 0.281567081690515 0.376100404166734 0.438444629658871 0.31475774462848 0.384793094779661 0.365347695068697 0.272687423054733 0.288055804956781 0.3635093453491 0.344952207388644 0.281296623770773 0.33845862642255 0.354893872120986 0.328764023547862 0.421788371895342 0.288796441833958 0.357111166885256 0.291586480325019 0.289373749380416 0.351207257670018 0.441562547692088 0.34823824849893 0.372357515959456 0.326052090395082 0.351166085930168 0.358343682936105 0.343680904496148 0.318383422038949 0.424542377100134 0.33110006585492 0.269260827549493 0.359277153066735 0.440396657838651 0.286218094244052
"brahmandapurana" 0.302362230931229 0.34482544668643 0.393552686062645 0.358555048027453 0.344853473447896 0.398604231224253 0.318229841267698 0.33748971283077 0.324240196339171 0.321622609489925 0.427124982317576 0.347156798368912 0.37087596762555 0.351274963412317 0.243335158327393 0.184453186688495 0.127498167666843 0.184744382988454 0 0.265526533725308 0.345051027249262 0.263704669069859 0.280002217327763 0.274635004003593 0.30739686863025 0.344711254209283 0.262636568971345 0.541156136138363 0.246609158801766 0.307304296752085 0.208705255885906 0.29271949032755 0.311004768077456 0.350748101826888 0.303214819096819 0.370537106312194 0.342271602405624 0.368448718766906 0.379589216332802 0.384176458169371 0.353745989433752 0.361015961991863 0.391944782877757 0.311947082325911 0.299924014053441 0.339074858450886 0.392423248230147 0.424777582492332 0.530035080536828 0.448595542783097 0.225030583490843 0.172036546312707 0.244127977084181 0.3070181527793 0.35207870950488 0.305889638468624 0.322542525756582 0.376099511479086 0.354232400273881 0.35627278393885 0.374279754165168 0.354576519376792 0.375085118398664 0.376593639969455 0.338425581942917 0.255224313321196 0.35161334270546 0.416574517275027 0.295561737799225 0.371538346334235 0.34479320272139 0.216314061421374 0.268596330987479 0.351930159364414 0.319719796921405 0.272982190488532 0.298193078065483 0.344930242855894 0.278941200813775 0.402374642681835 0.246849502614884 0.315755130629429 0.265186265247621 0.167635951855237 0.276482631778037 0.40435492955332 0.271710480499117 0.346546059373195 0.244589924727414 0.274722311517554 0.290692903552155 0.251181651873198 0.264177455906648 0.399352554023861 0.295445146922268 0.144786321841222 0.323017727052604 0.422573810800665 0.224954226086308
"brahmapurana_pu" 0.325190083034321 0.325715646559752 0.383318128038066 0.306086827058604 0.292392153999185 0.376071012304431 0.323207480354359 0.341374629635563 0.331097573537923 0.339329098844644 0.381130961372389 0.282035242486277 0.315120972131996 0.30650196022174 0.264435997429169 0.33620065685992 0.254249901712279 0.329048290987784 0.265526533725308 0 0.373210126555878 0.264025700040286 0.307457685569515 0.31865772890305 0.313410484663162 0.369335609580822 0.271290170396992 0.511381231510562 0.280767576219885 0.300153008279855 0.253927931799865 0.331650513774869 0.214055380441986 0.27192480762564 0.201981567334003 0.297089585370628 0.257324970588931 0.314837407701134 0.319371339859129 0.323848101082699 0.283242722941282 0.299721666907287 0.334000429341875 0.211439473555751 0.198006539789456 0.237378009694267 0.318828024665315 0.360834291879869 0.478465331335249 0.39630573180459 0.254561823162215 0.217170707318233 0.292393754721713 0.301385423055279 0.322819146453455 0.208054064427069 0.322804746175758 0.420273392296271 0.281857112875613 0.2780691610707 0.309729082881909 0.292211364192656 0.31693190002947 0.322704587639322 0.260257456838403 0.268770565016046 0.407840374717233 0.390715371006598 0.30613365647871 0.426109202845792 0.329228966842841 0.254198648994454 0.318225715675311 0.37084994714906 0.305324175550579 0.287338461397911 0.22667822454237 0.374090593547088 0.293009281054855 0.41603713503062 0.237228371565305 0.30082312252399 0.261517857855113 0.304533326024519 0.37690907371666 0.434588460772186 0.349058898650817 0.434106596483328 0.363229306994782 0.378353739183174 0.347003862658441 0.32801847970997 0.372758162007138 0.410557757422593 0.28327946163569 0.281934427580318 0.214668699018397 0.37267541135845 0.250045863904462
