"agnipurana_u" "bhagavatapurana_skandha-01_u" "bhagavatapurana_skandha-02_u" "bhagavatapurana_skandha-03_u" "bhagavatapurana_skandha-04_u" "bhagavatapurana_skandha-05_u" "bhagavatapurana_skandha-06_u" "bhagavatapurana_skandha-07_u" "bhagavatapurana_skandha-08_u" "bhagavatapurana_skandha-09_u" "bhagavatapurana_skandha-10_adhyaya-29-33_w_commentary" "bhagavatapurana_skandha-10_u" "bhagavatapurana_skandha-11_u" "bhagavatapurana_skandha-12_u" "bhavisyapurana" "brahmandapurana_khanda-1_u" "brahmandapurana_khanda-2_u" "brahmandapurana_khanda-3_u" "brahmandapurana" "brahmapurana_pu" "devibhagavatapurana_devigita_adhyaya-31-40" "devibhagavatapurana" "devipurana" "garudapurana_khanda-1_u" "garudapurana_khanda-2_u" "garudapurana_khanda-3_u" "kalikapurana" "karatoyamahatmya_pu" "kurmapurana_khanda-1_u" "kurmapurana_khanda-2_u" "lingapurana_khanda-1_u" "lingapurana_khanda-2_u" "mahabharata_01-adiparvan" "mahabharata_02-sabhaparvan" "mahabharata_03-aranyakaparvan" "mahabharata_04-virataparvan" "mahabharata_05-udyogaparvan" "mahabharata_06-bhismaparvan" "mahabharata_07-dronaparvan" "mahabharata_08-karnaparvan" "mahabharata_09-salyaparvan" "mahabharata_10-sauptikaparvan" "mahabharata_11-striparvan" "mahabharata_12-santiparvan" "mahabharata_13-anusasanaparvan" "mahabharata_14-asvamedhikaparvan" "mahabharata_15-asramavasikaparvan" "mahabharata_16-mausalaparvan" "mahabharata_17-mahaprasthanikaparvan" "mahabharata_18-svargarohanaparvan" "markandeyapurana_adhyaya-1-93_u" "matsyapurana_adhyaya-1-176_pu" "naradapurana_khanda-1_u" "naradapurana_khanda-2_u" "nilamatapurana_au" "nrsimhapurana_pu" "padmapurana_a" "pranavakalpa" "ramayana_01-balakanda" "ramayana_02-ayodhyakanda_a" "ramayana_03-aranyakanda_a" "ramayana_04-kiskindhakanda" "ramayana_05-sundarakanda" "ramayana_06-yuddhakanda" "ramayana_07-uttarakanda" "saurapurana" "sivapurana_dharmasamhita" "sivapurana_karvanamahatmya_au" "sivapurana_rudrasamhita" "sivapurana_sanatkumarasamhita" "sivapurana_satarudrasamhita_au" "sivapurana_umasamhita" "sivapurana_vayaviyasamhita_au" "sivapurana_vidyesvarasamhita_au" "skandamahapurana_himavatkhanda" "skandamahapurana_kasikhanda" "skandamahapurana_revakhanda" "skandamahapurana_sutasamhita_khanda-4" "skandapurana_adhyaya-1-31_pu" "skandapurana_pasupata_adhyaya174-183_u" "skandapurana" "vamanapurana_saromahatmya_u" "vamanapurana_u" "vayu_ba" "vayupurana_01_frame-and-cosmogony_iast" "vayupurana_02_pashupata-yoga_iast" "vayupurana_03_kalpas-and-shiva-lineages_iast" "vayupurana_04_bhuvana-vinyasa_iast" "vayupurana_05_jyotis-and-purvardha-close_iast" "vayupurana_06_prthu-and-prajapati-lineages_iast" "vayupurana_07_shraddha-kalpa_iast" "vayupurana_08_manu-candra-vishnu-vamsha_iast" "vayupurana_09_upasamhara_iast" "vayupurana_10_gaya-mahatmya_iast" "vayupurana_revakhanda" "vayupurana" "visnudharma_pu" "visnudharmottarapurana_khanda-3_adhyaya-343-353_pu" "visnupurana_u"
"agnipurana_u" 0 0.414135397995615 0.447277161495255 0.410478607160433 0.397924167704843 0.441553506925652 0.390864430840343 0.400765158154015 0.395550419575592 0.397984163672933 0.47264122908457 0.391575513869068 0.412808036646397 0.408311392757971 0.289763424202379 0.381994379610968 0.339275841137395 0.329392413871856 0.314398778406175 0.338459037785253 0.402432172801142 0.34494450741161 0.2924737052175 0.228957504185037 0.32185294501556 0.401720279431499 0.302830171976407 0.553864308027838 0.353837652601452 0.337999164626502 0.314034967557363 0.316167668227585 0.399894433514368 0.426353090086553 0.389975801639333 0.436111280091439 0.413596513740693 0.436461689337405 0.434093539523115 0.434400934946185 0.426684203867905 0.431176647233769 0.451861492293814 0.38679172910737 0.384089966827743 0.415330686325391 0.471510085694232 0.484087283344195 0.585812760421339 0.519257706559445 0.328136657662687 0.301466457219655 0.239304182749133 0.353611988032147 0.392173502300635 0.361536529490217 0.364943766211915 0.413346748594075 0.434570030837222 0.420679842222873 0.425349366199273 0.426001089514979 0.431540413679526 0.433120358817183 0.419979999244371 0.335348385470742 0.440159848158606 0.464883577386882 0.384563023438527 0.46254931136089 0.418477973626952 0.332402749311612 0.331320862388807 0.367050593934212 0.375287145390532 0.310292520300743 0.348563973029633 0.416283174761599 0.387984464695512 0.469517011418176 0.358223718416052 0.404496581375115 0.33013308107995 0.356188338238742 0.425164083288731 0.45843541795777 0.405287572786088 0.452650458931174 0.388108993263362 0.418071393107834 0.386869108333625 0.398567025320308 0.412095897222859 0.426985793965069 0.355108825626506 0.335349095851149 0.364854564230725 0.459766493967978 0.33311954799786
"bhagavatapurana_skandha-01_u" 0.414135397995615 0 0.334524659883906 0.298434987848314 0.286485693026077 0.370156291471374 0.29425419488243 0.303573124265031 0.310867274399687 0.320554109944493 0.421308357906745 0.27101544725754 0.311352604211579 0.337719814242364 0.384283706921921 0.413262250157133 0.352553814827279 0.406238774601859 0.364410895435422 0.346329352069263 0.441502642398312 0.385507818240331 0.416826047749919 0.400920841673433 0.40812011756579 0.455161634069526 0.390638425920373 0.588713345838362 0.370901486451544 0.391814416144169 0.383319619704336 0.434531356178993 0.34538343789658 0.37100532860518 0.339189903427972 0.392033350001294 0.360227552355391 0.405725827001209 0.405010840808983 0.410273954295542 0.397937492485346 0.395084789101638 0.409085278683002 0.34498614647218 0.353010006877465 0.365241311394501 0.410605978579148 0.44411025203371 0.54669029964011 0.478086679460717 0.354265035778159 0.346081867917071 0.377646656997645 0.395229168736174 0.443551303444212 0.365094069487096 0.399857949093285 0.43622816254035 0.41019502648842 0.38678046718432 0.409391968687896 0.409474844465271 0.416995217179591 0.4230678454238 0.389526927151533 0.380921069621123 0.460118776413909 0.477798613214363 0.411833792078378 0.486014271573209 0.404059370013418 0.378786892828021 0.407298070557489 0.463056507752378 0.393869311503956 0.372954531241383 0.397758584318966 0.4552687562358 0.394605676717527 0.473320379845485 0.350091984512269 0.416759394062076 0.364154336971108 0.392864646294243 0.439589911656119 0.501743222283506 0.418764844816676 0.491673408064209 0.430278231624541 0.448224519242782 0.438804816317343 0.40113215550555 0.436358690720733 0.485850641156412 0.40898047394005 0.379405117015368 0.36518215566529 0.476664361330015 0.354568671733361
"bhagavatapurana_skandha-02_u" 0.447277161495255 0.334524659883906 0 0.322218026275172 0.334970755317953 0.381374964150649 0.341469987427177 0.34355083255736 0.353255399141845 0.376933260179427 0.459798969458829 0.360956277347173 0.346657506380256 0.374037663144201 0.431494018523455 0.449873159307908 0.409377427422429 0.444317974488021 0.415931318002752 0.406665840851284 0.459269238144224 0.435413939794304 0.451931610879618 0.436413835089721 0.447419752421884 0.479392284116718 0.4249260771594 0.594345603107004 0.400381221562986 0.419244322848288 0.416783196534492 0.455083120366372 0.422285260041672 0.446638743286984 0.417698755598238 0.461170183363654 0.437882556263275 0.466900326517718 0.464788089263116 0.470371522725086 0.462481394972202 0.458257340172699 0.466475579238001 0.402324693448994 0.417306928294511 0.429099487463002 0.478144918964859 0.500627422361706 0.580143629924187 0.519530600269171 0.407295518142823 0.401958603018372 0.413793110492609 0.437333599324454 0.480024730235589 0.408600538279654 0.444959957005437 0.44677146146333 0.460456457155791 0.453380833313078 0.457051573452555 0.45210312360177 0.464436642076257 0.468825766864497 0.444979577094582 0.417854381493561 0.494551867454914 0.50696862279274 0.455567340330454 0.506616700769259 0.437197858980299 0.420216410586641 0.427584089758928 0.484137269578504 0.434007409794463 0.40707513043046 0.439757719303098 0.466457921347317 0.434862120959317 0.478462774479928 0.407466387630484 0.447660592385075 0.41600748307372 0.437453684883674 0.465514873702119 0.502362957166374 0.447308833910834 0.517738216603075 0.466155650316243 0.479909722025107 0.472008328176125 0.452979333544459 0.463335246618968 0.514390109267767 0.444395755979754 0.424360638424746 0.398895334625141 0.495534114943416 0.40019004295314
"bhagavatapurana_skandha-03_u" 0.410478607160433 0.298434987848314 0.322218026275172 0 0.226658514457494 0.324515438228035 0.30578903993622 0.318372879503553 0.316923901589701 0.342538654662453 0.384220966636663 0.260865155062804 0.263542538794591 0.314579178802013 0.399801753221328 0.42093622909791 0.373659888591805 0.407586076782193 0.374552093878661 0.323804714163046 0.441767074649611 0.40450067042921 0.419502277170178 0.409638685468663 0.416174264959008 0.461217126215633 0.390828501194644 0.58041364542704 0.378937898643061 0.394902434469256 0.382187703581732 0.431137098442255 0.338867225639826 0.375740668864021 0.328516284029927 0.386978284105993 0.359450655401268 0.399588478958817 0.394642402949119 0.401583142111315 0.389471428350936 0.389405543866965 0.407164309187622 0.316848487851563 0.332799006230011 0.352423654658044 0.419084167023928 0.449678105805568 0.547801637684889 0.4836013909153 0.364219002558448 0.353508899001472 0.385986523940659 0.399655536792004 0.455474898188705 0.342874268683533 0.40550407976332 0.436422628605107 0.393542581987109 0.37122174878209 0.388197144893627 0.38821791411153 0.389210250844003 0.397845508791715 0.371801603624768 0.394396024234417 0.471401595138355 0.49333177047356 0.419618597928623 0.488295513566144 0.416334086676086 0.382722556175341 0.397785992854249 0.466280894795682 0.405990678255043 0.36936737392624 0.395151608861401 0.461792219540862 0.402217109688627 0.466340533333146 0.357946914188243 0.425260846392486 0.377649698171559 0.404580732424505 0.439165939522332 0.493489095146272 0.424667592950999 0.505329039176675 0.440036501017329 0.455090318712366 0.447070995464712 0.426272490327826 0.439114419114017 0.498805487443548 0.419042950873196 0.390678548792577 0.330275964736818 0.466832740229254 0.360939353900978
"bhagavatapurana_skandha-04_u" 0.397924167704843 0.286485693026077 0.334970755317953 0.226658514457494 0 0.324899006119196 0.289311345421406 0.303859313996977 0.303256920315762 0.319520224080028 0.389181843597475 0.234861186681473 0.278488698162407 0.310239564723591 0.387552263462549 0.412406869678716 0.35489025827682 0.400111696594239 0.361256220617329 0.309988855167031 0.43693241301845 0.388433872708526 0.406537748630512 0.398061172935648 0.407211179197018 0.459916030602855 0.379459104164767 0.574275164278117 0.362547195873201 0.390880734798955 0.373427188362005 0.426244734784457 0.318430055430305 0.359738532229033 0.31185018697372 0.377183867651994 0.344906210615945 0.390458608961748 0.386912772888464 0.390588282690179 0.37659828513147 0.377655113700767 0.391468757723751 0.309215737959408 0.32370997162929 0.339408822487583 0.401847151552986 0.439601667513589 0.538965672282077 0.470660428707777 0.353541309428154 0.338356579737656 0.373292526766531 0.38672238033605 0.440056512798545 0.327363232792622 0.395289377342825 0.438687690817809 0.376039073515104 0.351457169009397 0.37497568863895 0.375588226260309 0.377739686752 0.387469513237709 0.356818450808907 0.382001288994854 0.46401840329754 0.487228206527804 0.404056033531269 0.488419986550317 0.408872909726533 0.373149973432775 0.395864645534514 0.461466540596884 0.393161262579657 0.361185916698121 0.376115209945066 0.45549149511723 0.391530336077552 0.479173810653004 0.345447355714316 0.411817022005395 0.358246574591598 0.392244815014363 0.44194794054939 0.49721941009635 0.418244477768632 0.492710119772362 0.435887533078617 0.443184256855881 0.436173765725746 0.408469493408532 0.439111135025319 0.486631487729075 0.403675909021125 0.377190128982451 0.321847679363867 0.454926184497861 0.34970064634749
"bhagavatapurana_skandha-05_u" 0.441553506925652 0.370156291471374 0.381374964150649 0.324515438228035 0.324899006119196 0 0.368021634555395 0.386221571440081 0.371137840540094 0.399289125683357 0.414526594960429 0.342534179144871 0.35334267535237 0.361189885189483 0.434448819498157 0.449873076782554 0.416473247726887 0.430853062213641 0.413515658986473 0.392064795122354 0.476010184999918 0.449304556118134 0.450105299801409 0.439081626849114 0.4521443403389 0.488402094278364 0.439141174002495 0.59172850392621 0.425482246555567 0.435377013575658 0.42787720841972 0.464326749767787 0.40401766025929 0.42642378993956 0.394376699951116 0.441862104556577 0.416119657345342 0.449677488286528 0.450390115779053 0.453741143863267 0.445264462726363 0.444558833247896 0.45086167471874 0.387350892248785 0.396832313606772 0.416874117244794 0.467061048557784 0.494950803387454 0.578035405910648 0.524185281226016 0.413519243535632 0.391731340951409 0.426227170796547 0.447601863610593 0.484280208943599 0.400282910528475 0.430641801223965 0.442881756166704 0.446769157824237 0.427691007840585 0.434926475976054 0.432580499280127 0.436018006774042 0.446751102165581 0.430277812464165 0.433149253289641 0.481945685347062 0.528598928569319 0.46240418798286 0.489259459311504 0.463749890274115 0.427347035169753 0.437789173219562 0.494281474310557 0.451245241029136 0.403309542672222 0.43121798170101 0.485346770539587 0.442925225582469 0.515361681032844 0.415216350476921 0.46588514102524 0.417402391031504 0.434889853672834 0.473416906004368 0.514406699181736 0.460256156538896 0.492105793941919 0.457484276385734 0.486173032767378 0.478023716835398 0.456498394184559 0.471479226682136 0.536787626036747 0.450718529322887 0.423464699923882 0.391590331924834 0.49142229204292 0.399321774888906
"bhagavatapurana_skandha-06_u" 0.390864430840343 0.29425419488243 0.341469987427177 0.30578903993622 0.289311345421406 0.368021634555395 0 0.273268654140088 0.261342892615507 0.30020844811868 0.440025507104037 0.294384806389971 0.307577348523268 0.350870875046921 0.367043401699269 0.393881463713411 0.330886325013588 0.373469501217354 0.336729390537641 0.34217909493504 0.416440894484736 0.364929485299346 0.388878449631068 0.375355149463357 0.38888214080169 0.430333801123644 0.368279954820649 0.58255104734982 0.336845927807067 0.366476652825278 0.348789384752944 0.404615289264559 0.360193998463155 0.392382490337571 0.351385005276258 0.412296982756936 0.378908002096541 0.416462721960139 0.422690685183269 0.423698772977236 0.409070695523515 0.412623847256775 0.426503727256233 0.344450017935224 0.35090744401952 0.37708453738116 0.429837779424167 0.468889094253372 0.556624487090823 0.490919373356987 0.326028692513749 0.320571362969148 0.35495860775071 0.378832939904427 0.431238471580809 0.354035297054609 0.390606546873092 0.42254809560343 0.412485925253812 0.397873543114563 0.41323686434504 0.411299590525303 0.419861277667595 0.421183013327214 0.391874670824041 0.352302681158158 0.442604165332424 0.475254816391914 0.381105380415233 0.467069433337345 0.388007074075411 0.351979151573303 0.374742441965736 0.44531687475573 0.382739995075851 0.346474906007974 0.38959369151728 0.422834598013106 0.370413157942883 0.462474486979311 0.335764241743714 0.395874480289198 0.335162937992896 0.371316536484495 0.420935099298229 0.474745027662901 0.393549407235613 0.476400014424622 0.41803912428585 0.420804817951192 0.418180195544688 0.387760561711806 0.418377465823216 0.473814508271598 0.388791964048701 0.355120810054689 0.359330853481234 0.46688147589831 0.328070701682129
"bhagavatapurana_skandha-07_u" 0.400765158154015 0.303573124265031 0.34355083255736 0.318372879503553 0.303859313996977 0.386221571440081 0.273268654140088 0 0.296627996264891 0.321805415437351 0.432962030314489 0.312727592129891 0.309045518096523 0.366133750063876 0.379418198097865 0.410588455426911 0.354644803803938 0.389260612135932 0.358830697837269 0.363230113126246 0.428454957528271 0.378511087842032 0.399751079140953 0.388088279418476 0.389268368489594 0.437194480589775 0.377209978966881 0.585612054875229 0.362050952913499 0.372902933088824 0.367539928122294 0.414633033344307 0.383113226697871 0.41008668811941 0.374774491185784 0.429291920954219 0.398977039616248 0.442353091026153 0.440212678939002 0.443071881056751 0.433038102041454 0.428909265844274 0.446220509696106 0.358329970493875 0.376206412058227 0.391847897294713 0.447260494830584 0.478719935731695 0.558880425435448 0.500658108398741 0.342728931210907 0.34337974637533 0.363554263915336 0.384731145458033 0.442973172440293 0.372270194619819 0.396777775628562 0.422531343928716 0.434557420627221 0.416562431631467 0.428955847702472 0.428177587407201 0.44036749968639 0.440960074255818 0.411463389799185 0.36491296009546 0.447293367238257 0.480635677555498 0.397137541281777 0.470849654570353 0.403597197050708 0.367532220323952 0.386445296455601 0.445305351614058 0.394281849540155 0.352241595800631 0.398148720859844 0.433426272309158 0.387790690290816 0.471559935455977 0.356054247555267 0.401248584582701 0.356063811636183 0.391142745905286 0.431925787049848 0.482418446919792 0.414257561584131 0.494962770364835 0.427109517944219 0.444082074397661 0.424645942246024 0.407661418890214 0.429820792882334 0.474247328366419 0.398266801442739 0.376861780931061 0.369018287199622 0.476636360696947 0.340946060907092
"bhagavatapurana_skandha-08_u" 0.395550419575592 0.310867274399687 0.353255399141845 0.316923901589701 0.303256920315762 0.371137840540094 0.261342892615507 0.296627996264891 0 0.299751909936598 0.44045223357922 0.283469336708617 0.34150623686147 0.355693487469365 0.36586765444228 0.403217950060098 0.335834627570045 0.373704040711964 0.342637854957117 0.350079209295461 0.428892375601705 0.372190365039717 0.393036775937483 0.378842710941437 0.403049025361983 0.436997978475204 0.364444024071633 0.584226676321372 0.340720082341404 0.382412780908475 0.354493224882437 0.40667338148336 0.371811888658331 0.398075707491089 0.361648547545879 0.41686997570918 0.394305740560689 0.418711524428049 0.418828095897446 0.420807254032754 0.409668448062265 0.420452187160422 0.437809965503965 0.372448428773427 0.370440579720983 0.393662219350304 0.44178171753466 0.470880537417501 0.56483332683352 0.497875991700007 0.34067939283611 0.319587554548993 0.360052834560125 0.38713142094232 0.424868703893879 0.359036209444184 0.384900291000622 0.426059479936079 0.417321455537441 0.409875720908024 0.416318401428881 0.408985778206318 0.414538448890517 0.410334782193258 0.392062954808713 0.352546773888793 0.442801682556779 0.483975489689972 0.379760091185252 0.459290491324512 0.386824168572253 0.362751498396107 0.382068937653915 0.451563203982527 0.372693620376687 0.358717894417466 0.391448549744907 0.43717305980656 0.370357013143934 0.479161931732435 0.33198453763509 0.393222924473786 0.330043898018284 0.37872070894426 0.432824361694222 0.493625779149276 0.39857714362369 0.465704238339388 0.424243404954261 0.429147988941099 0.431994246686947 0.38866762128777 0.426027506953782 0.477063342192961 0.392990341154435 0.361378919397374 0.366726700822217 0.466891469215098 0.334670495430677
"bhagavatapurana_skandha-09_u" 0.397984163672933 0.320554109944493 0.376933260179427 0.342538654662453 0.319520224080028 0.399289125683357 0.30020844811868 0.321805415437351 0.299751909936598 0 0.452290852431385 0.304027501631176 0.368668412784516 0.373602784420506 0.372012430837747 0.39628974943926 0.315671097914726 0.390921001708557 0.340012486375147 0.358027612739436 0.43951128247038 0.375000392847844 0.409782288017424 0.390034628302868 0.406799611024458 0.44767355429909 0.367680618412723 0.590500128452752 0.353250185215493 0.393319906656363 0.370347477701905 0.422419364562372 0.354930836328477 0.3954655107826 0.358166024559804 0.40798480499441 0.383424215152881 0.424628682180362 0.420361017058077 0.423846548870651 0.406411788169073 0.417781179099027 0.430872382500035 0.375544237138825 0.373584530309788 0.392029300862232 0.42867631869562 0.459445851757489 0.556895672721379 0.49685764340816 0.335804957270103 0.328371459599389 0.3750566554873 0.38467885600291 0.433582934182649 0.366382083729408 0.403110512550724 0.441482431321685 0.393060792958519 0.389808473103216 0.416849877822847 0.408512187581363 0.419724705323993 0.426158132835521 0.389226468520151 0.3734860939068 0.449455893849804 0.487017173441813 0.397870474117077 0.479401246497185 0.40133889103577 0.363803014910523 0.396734098878778 0.467595610004488 0.398366273249852 0.364977643436182 0.398273204346282 0.457728230655489 0.382797844131432 0.487646630642129 0.356502936876931 0.402342476280077 0.343718628636753 0.36448535934596 0.432854339257757 0.498219286091158 0.39948544801124 0.483780294521976 0.420582532139371 0.420847907821659 0.428276307223505 0.338764306008204 0.432283495474265 0.48075214694597 0.401162250549387 0.354427996169385 0.397065530024809 0.487334990693758 0.334217565671688
"bhagavatapurana_skandha-10_adhyaya-29-33_w_commentary" 0.47264122908457 0.421308357906745 0.459798969458829 0.384220966636663 0.389181843597475 0.414526594960429 0.440025507104037 0.432962030314489 0.44045223357922 0.452290852431385 0 0.354027010800535 0.395568364237003 0.418058129369585 0.459538331132254 0.490533666593334 0.449852823600348 0.451002506550152 0.447282324985626 0.402381831076407 0.485070452750146 0.454712889232883 0.469453769190083 0.471503927714701 0.457398358149222 0.497413245707573 0.451270581959428 0.600796781106013 0.468373733276822 0.468085321327097 0.462910776216854 0.489591465714403 0.42086606581964 0.44001940076781 0.412877204263961 0.447047035679706 0.430142367011245 0.465444652212196 0.460738383429004 0.467216853487528 0.454511273672822 0.449945174242892 0.458888653967198 0.409983609670643 0.421543413049846 0.431807758828572 0.473401129737829 0.490588929327813 0.584561394113144 0.52502434427491 0.434933183171436 0.431060503164661 0.452802076622069 0.459255796597968 0.493098150422748 0.417017734653984 0.465165799142136 0.473609566638924 0.466889794886248 0.432169801035109 0.448806641410288 0.445339616818367 0.44241152927914 0.466712064061308 0.44362498684562 0.461887031303092 0.527810330291084 0.520901077692401 0.47118157926428 0.538507044996381 0.48535907030543 0.448604969268105 0.469683680852753 0.509436575979563 0.480780718040022 0.416782259243136 0.445404594953679 0.499712122559129 0.467778930987386 0.527489049216982 0.431515111835337 0.479016622847642 0.449699355849245 0.47952597782386 0.512212290440679 0.538539742927357 0.500642566751614 0.53851057090416 0.49958524089969 0.524118393612981 0.495573589835772 0.494818851093024 0.500041239378963 0.542807068037194 0.4655925096537 0.469146511668189 0.406042820845536 0.507222051448158 0.431611382462958
"bhagavatapurana_skandha-10_u" 0.391575513869068 0.27101544725754 0.360956277347173 0.260865155062804 0.234861186681473 0.342534179144871 0.294384806389971 0.312727592129891 0.283469336708617 0.304027501631176 0.354027010800535 0 0.279228536280349 0.309592685536935 0.377840882453804 0.43076232069504 0.350728105344312 0.389889094086015 0.3612676617706 0.297552817448426 0.443102103181339 0.375391280185268 0.404547662453049 0.392444320153146 0.406212185733515 0.452864351984667 0.376424806818336 0.580256416490219 0.371977586637652 0.399223680877999 0.376175398195674 0.428455552348668 0.307751968598819 0.336526495814799 0.297403614128973 0.357385716854553 0.331232494105269 0.369384046265294 0.361850994595497 0.367513762131968 0.353430779312093 0.36606572802499 0.380141415055068 0.321586907274534 0.326331726664844 0.341453449662034 0.391921950930615 0.411449488793356 0.537745682213784 0.47074182329258 0.348436884679222 0.330771675172612 0.370351962902695 0.390782470111444 0.431082338341133 0.318052407159167 0.387058312458176 0.449792277737867 0.368854973080892 0.341337890230039 0.364099256570517 0.360880521326965 0.359618206597125 0.364512113780552 0.346243486238702 0.379285129917236 0.467806360461526 0.482858112569319 0.397541105971992 0.491681712173709 0.401785343646829 0.372287281001213 0.406026340413087 0.471569811206992 0.391134580952941 0.356932756552806 0.373454847304353 0.467063649980026 0.389906781172105 0.494942309150274 0.333005574584288 0.421225157652499 0.34468355302851 0.404105703020217 0.460181389619785 0.515832584643905 0.428500644252634 0.491449769709457 0.445665921246506 0.45464602263425 0.451940034836816 0.405437501487804 0.450998397435283 0.492155824791999 0.399775786765376 0.387317900517857 0.329542324638529 0.45797739724421 0.333815629986381
"bhagavatapurana_skandha-11_u" 0.412808036646397 0.311352604211579 0.346657506380256 0.263542538794591 0.278488698162407 0.35334267535237 0.307577348523268 0.309045518096523 0.34150623686147 0.368668412784516 0.395568364237003 0.279228536280349 0 0.322063528689084 0.401835804378451 0.425844145360464 0.385896394142187 0.414266732206663 0.386719437829014 0.331013482352699 0.433024875007678 0.400787336631058 0.414756403504295 0.406849270838249 0.400986707401392 0.454175895265331 0.401708354384898 0.577969381326027 0.383059845449243 0.381106419905926 0.385859560024196 0.432202731695097 0.35285292465215 0.378969787198616 0.339915234437085 0.394494568930604 0.357433716447037 0.407665104984998 0.40894529178663 0.41487021112973 0.407944173949316 0.405362712393541 0.414154689280481 0.305300421915653 0.333436873025337 0.350998718879882 0.419337523305851 0.460383735959463 0.552445481806892 0.487081735782881 0.370389422540869 0.364402629903884 0.38137178293846 0.405177964539952 0.456448995176428 0.351592758788189 0.4165271829585 0.440171141256197 0.416465634614427 0.386501302652624 0.407113626178528 0.404195929555933 0.407193614640585 0.418055285852398 0.39338137338861 0.390750361380445 0.483454599352796 0.489786291123277 0.42891233729888 0.500530131212363 0.424363682781281 0.387792482644299 0.405076480509633 0.460432053150835 0.416005803422676 0.376419864168347 0.393734158976031 0.439222646750842 0.409419019026081 0.459509583242945 0.373740212315174 0.434914531638963 0.391696956129965 0.410503004541742 0.444967066885459 0.482673905006289 0.429344269635309 0.51026213634059 0.442159494123217 0.469715771370698 0.441737198934033 0.437829401583905 0.440668577707399 0.501219015387073 0.414774275414397 0.397117863504707 0.328704758777656 0.468512068286686 0.369977627109627
"bhagavatapurana_skandha-12_u" 0.408311392757971 0.337719814242364 0.374037663144201 0.314579178802013 0.310239564723591 0.361189885189483 0.350870875046921 0.366133750063876 0.355693487469365 0.373602784420506 0.418058129369585 0.309592685536935 0.322063528689084 0 0.396257312148727 0.409245028098039 0.370881406932835 0.411637522086421 0.37191239007774 0.328349738124849 0.449091981782564 0.411389008281457 0.425644520608172 0.404891654012377 0.420974828053715 0.461891452410232 0.398078551413397 0.570197772919927 0.373060408371379 0.397617461578006 0.377940150790857 0.43180986476712 0.353582862783183 0.387966705336917 0.34785150698174 0.405945227619811 0.374438359288857 0.413939380269901 0.415602587321261 0.418873743661828 0.409956213453429 0.412131351520097 0.419901748458034 0.33869491971821 0.346235914199951 0.372536229853981 0.427608798288085 0.45511224223685 0.553112675196309 0.487234996423467 0.376209307721644 0.350952764650716 0.38294735703428 0.420502179079747 0.448080915662252 0.348058251730939 0.41543893882355 0.449305230826928 0.403482596656172 0.392783466956271 0.413325755027862 0.409645530200875 0.4176907436981 0.422501931033178 0.388080126508824 0.388506470884832 0.483837394856558 0.493281451924185 0.436524658372757 0.493075287987181 0.421177040208049 0.380793064390626 0.410975778418959 0.463928275626464 0.408969935763442 0.393289904008409 0.381148772019067 0.457297825748594 0.408982386332661 0.479412838368874 0.37614299788813 0.425765691104481 0.387457685001876 0.393803729176193 0.439846790699729 0.501817826635345 0.41351774030899 0.492050082856756 0.421364658262605 0.450352427480641 0.445050301436569 0.411036946013358 0.431609398807221 0.508395551623102 0.413968793444772 0.379359575280602 0.343686907856679 0.453008364294448 0.353011273254786
"bhavisyapurana" 0.289763424202379 0.384283706921921 0.431494018523455 0.399801753221328 0.387552263462549 0.434448819498157 0.367043401699269 0.379418198097865 0.36586765444228 0.372012430837747 0.459538331132254 0.377840882453804 0.401835804378451 0.396257312148727 0 0.332214676055419 0.255571140944801 0.303340026286253 0.254856624897968 0.277995746849198 0.36774150320938 0.216402009076831 0.268134906480481 0.265912614811045 0.27578496945214 0.346345557810132 0.258281426842023 0.550748707215885 0.308404669007309 0.303078408087731 0.261870688307136 0.292548504897922 0.344894374192352 0.380895370110168 0.334009348021743 0.401646287307 0.367593629609126 0.4126662190181 0.416643071763383 0.415674642792294 0.393208893171709 0.403237757063634 0.419506666852849 0.335339704091483 0.324430302846592 0.362384053258134 0.424197706284069 0.464488261451626 0.550140485104517 0.485224929775834 0.27794859411032 0.23487006221846 0.227354920376418 0.272795051735465 0.333544143216719 0.299182185915883 0.309884954416111 0.408300160732821 0.390274962141245 0.377682923394192 0.396869680271165 0.395539508134048 0.406058976070947 0.414970870378253 0.37037988113605 0.255964198747044 0.370375797863977 0.41590889519686 0.278535577912314 0.392797284138578 0.36038094635224 0.25450504414105 0.272542807697285 0.321021905248956 0.333987040183076 0.27625667936832 0.293246901205483 0.365646629365857 0.320836107337735 0.443260015655765 0.293778634941197 0.333563023870005 0.279285101782182 0.318546102861061 0.393650653663799 0.438445478681687 0.36681239938614 0.429563523980378 0.366672474979644 0.402281664578583 0.348426234195388 0.349245683214261 0.379951412246467 0.405005050773385 0.272200541502715 0.293392620954391 0.314204607303094 0.434105471340478 0.275425582805596
"brahmandapurana_khanda-1_u" 0.381994379610968 0.413262250157133 0.449873159307908 0.42093622909791 0.412406869678716 0.449873076782554 0.393881463713411 0.410588455426911 0.403217950060098 0.39628974943926 0.490533666593334 0.43076232069504 0.425844145360464 0.409245028098039 0.332214676055419 0 0.255118861311155 0.318391919955034 0.195519359343887 0.348029835029945 0.417634217517482 0.36410003073307 0.366951311749658 0.357695951864606 0.369952421626189 0.403650289012686 0.351629323723712 0.588784966745112 0.321467573116277 0.368835782643278 0.276172959845779 0.367426265798575 0.376937610511416 0.41089150141421 0.37424153550406 0.429150266565576 0.403964570704359 0.42898623400048 0.444887888172056 0.44636897573575 0.42126125616482 0.428728034868308 0.450427743463684 0.363364266797731 0.35520354195226 0.388314626149486 0.445633787621124 0.487227725901734 0.571176641728449 0.498257995765749 0.317452762524193 0.266336543822998 0.335855771165481 0.387989745910291 0.411049141993882 0.392551126582459 0.414716304594869 0.428332088966137 0.418525545649211 0.42486354042584 0.444674857417897 0.419991769090957 0.446114911379696 0.443958229000985 0.407758488493775 0.344899199212522 0.427470916434691 0.475003767787371 0.386266666169599 0.430161734074267 0.420121329944388 0.305452227736852 0.342252314686475 0.410178930299384 0.38922137219015 0.370307907265846 0.370131857693014 0.405401184861314 0.347293288789359 0.429192266846396 0.335515096204544 0.382336051739607 0.366272256998925 0.166510689125103 0.24861687906736 0.433418220481659 0.29232702463311 0.372690397125424 0.205995127621165 0.28426955187748 0.336311596624208 0.316547423392461 0.271910534396675 0.460095330492213 0.372601285757854 0.18574560135138 0.388216675152959 0.483480463381127 0.312824067091537
"brahmandapurana_khanda-2_u" 0.339275841137395 0.352553814827279 0.409377427422429 0.373659888591805 0.35489025827682 0.416473247726887 0.330886325013588 0.354644803803938 0.335834627570045 0.315671097914726 0.449852823600348 0.350728105344312 0.385896394142187 0.370881406932835 0.255571140944801 0.255118861311155 0 0.272303398585433 0.135361157914212 0.266452661360288 0.379855061111123 0.270540117654401 0.314069072753411 0.306635270040232 0.324859079029753 0.366537738351282 0.283364859025779 0.569907885477884 0.272082281275481 0.322177761893106 0.236932004821711 0.327443450298977 0.292796485934479 0.346358694602214 0.289670882555513 0.366018829509065 0.335319919212984 0.37401591629783 0.38247661616354 0.386813625093229 0.349157428846558 0.36919460539 0.400634605457644 0.313309356230409 0.300577795755862 0.335860866121253 0.388352487053708 0.433054396002227 0.539093182980505 0.461544906693108 0.242855591695595 0.197693667223517 0.276693897797324 0.310097121165689 0.364651712119437 0.297872379243609 0.334098162349274 0.401512743077658 0.342446661142223 0.348728124320802 0.372365063460032 0.35916313788832 0.379524081507049 0.381497374878254 0.331362652767224 0.275782829067183 0.376248476768994 0.437823864440134 0.305754070567742 0.402496630493211 0.356197746857074 0.241445421180826 0.300562974723562 0.382296668370426 0.33790233091025 0.303402937201351 0.310313908582344 0.369864828329 0.284407410868544 0.434454470118286 0.255142631193933 0.317571392218174 0.265895919899299 0.211961416517501 0.333401091462119 0.434962054593281 0.303842713341791 0.394940816004001 0.309358507563318 0.309594116541945 0.30600673870696 0.236500964634115 0.325083155816814 0.421684853308368 0.305938255361183 0.190987349919875 0.331407551775503 0.443250520021455 0.234889117415675
"brahmandapurana_khanda-3_u" 0.329392413871856 0.406238774601859 0.444317974488021 0.407586076782193 0.400111696594239 0.430853062213641 0.373469501217354 0.389260612135932 0.373704040711964 0.390921001708557 0.451002506550152 0.389889094086015 0.414266732206663 0.411637522086421 0.303340026286253 0.318391919955034 0.272303398585433 0 0.195518090728946 0.34263022289577 0.370146148821214 0.311529859605061 0.309009067890026 0.314721522387053 0.356334820169338 0.387527582295109 0.302834688729493 0.567846457384331 0.310555452244898 0.359860169203902 0.289433223857662 0.330290328525282 0.393542854707731 0.419182718133654 0.378870912426272 0.430351094004469 0.409438506058774 0.416407117233029 0.424861689650093 0.428708048760186 0.410734861151419 0.424232850150122 0.447399270325762 0.385270144876028 0.385096573925866 0.410351815793028 0.457955440885818 0.478359585818967 0.583555633561497 0.509329216535543 0.297448983854449 0.264204754679121 0.271341171259725 0.356346480782215 0.401699768775958 0.364581223650837 0.35680011080458 0.394916017797343 0.419388374476585 0.417173711146714 0.418861773240487 0.409998785408853 0.409922153530779 0.415942061016315 0.401019207767918 0.299663125233214 0.395558929408948 0.463171879970312 0.332160474371316 0.405818689030112 0.383784548080625 0.290507909880218 0.306176450827411 0.383167755842633 0.362464334730688 0.298502459266056 0.353796262089345 0.375144062974456 0.345990305038344 0.442851203829398 0.30363155742278 0.375871292300638 0.307574503032373 0.307113428308421 0.373377516077323 0.465532907914932 0.368043435025175 0.393451988057036 0.347536211998948 0.371448160380323 0.379941020901769 0.363785818328253 0.339978127309134 0.44854674035495 0.344641017903804 0.28660657312895 0.375455770471725 0.465094851567319 0.301709999779007
"brahmandapurana" 0.314398778406175 0.364410895435422 0.415931318002752 0.374552093878661 0.361256220617329 0.413515658986473 0.336729390537641 0.358830697837269 0.342637854957117 0.340012486375147 0.447282324985626 0.3612676617706 0.386719437829014 0.37191239007774 0.254856624897968 0.195519359343887 0.135361157914212 0.195518090728946 0 0.27599244238294 0.367466919816017 0.276828909470976 0.294255189728875 0.289368558028133 0.321937648528561 0.362034817938257 0.275637304505699 0.567762861349797 0.260463544508516 0.320753670556557 0.220013424544493 0.309563546869551 0.323397684895275 0.365588977583013 0.315410724898536 0.386903221379861 0.35598520729061 0.383075909141842 0.394482163735902 0.399377617900928 0.36768097653346 0.382721434348093 0.411043983998548 0.323310834108924 0.312716582425789 0.353450794393622 0.409768931868236 0.448414349297378 0.553939678168038 0.474553229155995 0.239220266380804 0.182940945800693 0.254747431033386 0.319453253808454 0.366957535388703 0.318869847515519 0.334029659542115 0.390770932315293 0.369085848656407 0.37083659910971 0.387824849203602 0.370027286939938 0.389234884882561 0.390998182136442 0.35379322328013 0.270126558842772 0.369025925691089 0.441395839287226 0.309808151441167 0.389399962207008 0.361617753161898 0.232229839612744 0.284091402913692 0.369747140735259 0.335865397359371 0.287364124666189 0.311066048450435 0.362958093178139 0.294538639279034 0.422263862596624 0.258953213007202 0.332320375702984 0.27761409854851 0.180649319712753 0.297012650225657 0.428873731741143 0.290419482031565 0.365426372752917 0.263446507613832 0.293206277158721 0.311583558088398 0.269127789907532 0.285576460076315 0.4224487991937 0.306205039478558 0.157849423229992 0.336657335476374 0.446620299869682 0.237513141630609
"brahmapurana_pu" 0.338459037785253 0.346329352069263 0.406665840851284 0.323804714163046 0.309988855167031 0.392064795122354 0.34217909493504 0.363230113126246 0.350079209295461 0.358027612739436 0.402381831076407 0.297552817448426 0.331013482352699 0.328349738124849 0.277995746849198 0.348029835029945 0.266452661360288 0.34263022289577 0.27599244238294 0 0.396153724607157 0.279283211390333 0.321776202244697 0.3336578651649 0.329058636283773 0.386416926014075 0.285095999103409 0.538358664625405 0.293877916884641 0.314209748813085 0.266801638314857 0.348233798830402 0.22593347160729 0.286068960583644 0.213243449850815 0.313862523318913 0.270591803498676 0.328544940869351 0.333893302708221 0.33869660880733 0.297296090934796 0.320888322420659 0.352981980820517 0.221588725812808 0.209543063591805 0.251540750667229 0.335660255231433 0.385496160159292 0.502771184362327 0.422128558547706 0.268549311370137 0.228492202737417 0.305496472788364 0.316439326206243 0.339666741260808 0.219920447436692 0.336396407709202 0.434517519681114 0.296236078865194 0.292563199383038 0.323146483544034 0.307494892036047 0.331302685446837 0.33669530710871 0.274879674063648 0.284491593062101 0.424334958933013 0.41653537937488 0.320680728821951 0.442398622061577 0.346909578919169 0.270507265387568 0.333536021317449 0.389254110305308 0.32237995860691 0.303236547787167 0.238732745342368 0.390359451761547 0.308217416026908 0.435532982772144 0.25034134813682 0.317459630927637 0.27456946637625 0.317366382849674 0.394399906772214 0.457840329542915 0.365470471371931 0.449146153543738 0.379070192697052 0.394445240228853 0.367468502237171 0.344851761147272 0.391050028289639 0.433302726674374 0.2944642977482 0.293926689760729 0.228257251730011 0.397365149252771 0.262843983147281
