"","000_vivarana_unsandhied","001_LalitaBhasya_segmented_complete","002_Pseudosankara_Sanatsujatiya_segmented_complete","003_Pseudosankara_SvUBh_segmented_complete","004_Pseudosankara_Visnusahasranama_unsegmented_complete","005_Sankara_Adhyatmapatala_segmented_complete","006_Sankara_ AiUBh_segmented_complete","007_Sankara_BhGBh_segmented_complete","008_Sankara_IUBh_segmented_complete","009_Sankara_KeUBh_segmented_complete","010_Sankara_KeUBhVakya_segmented_complete","011_Sankara_ChUBh_segmented_complete","012_Sankara_KaUBh_segmented_complete","013_Sankara_ManUBh_segmented_complete","014_Sankara_MunUBh_segmented_complete","015_Sankara_NrsTBh_segmented_complete","016_Sankara_PrasUBh_segmented_complete","018_HastaBh_HastaBh_segmented_complete","Abhinavagupta_IsvPrV_segmented_complete","Abhinavagupta_Paramarthasara_segmented_complete","Abhinavagupta_Tantraloka_segmented_complete","Annambhatta_Tarkasamgraha_segmented_complete","Asanga_Abhidharmasmuccaya_segmented_complete","Bhaskara_BhGBh_segmented","Candrakirti_Bodhisattvayogacaracatuhsatakatika_segmented_complete","Candrakirti_Prasannapada_segmented_complete","Dharmakirti_Hetubindu_segmented","Dharmakirti_Nyayabindu_segmented","Dharmakirti_Pramanavartika_segmented_complete","Dharmakirti_Vadanyaya_segmented","Gangesa_Tattvacintamani_segmented","Jayarasi_Tattvopaplavasimha_segmented_complete","Kamalasila_Bhavanakrama_segmented_complete","Kamalasila_Madhyamakaloka_segmented_complete","Kavirajayati_Samkhyatattvapradipa_segmented_complete","Kumarila_MimSV5.4-9_segmented","Kumarila_Tantravartika2.2.1-4_segmented","Madhusudana_Advaitasiddhi_segmented_complete","Madhusudana_Siddhantabindu_segmented_complete","Madhva_Anuvyakhyana_segmented_complete","Mandana_Brahmasiddhi_prose","Mandana_Karikas_complete","Mandana_Vibhramaviveka_segmented_complete","Mathara_Matharavrtti_segmented_complete","Nagarjuna_MMK_segmented_complete","Nagarjuna_SuSapt_segmented_complete","Nagarjuna_VigV_segmented_complete","Nagarjuna_YuktSast_segmented_complete","Padmapada_Pancapadika_segmented_complete","Prasastapada_Padarth_segmented_complete","Ramanuja_BhGBh_segmented_complete","Ramanuja_Sribhasya_segmented_part","Ramanuja_Vedarth_segmented_complete","Sabara_MimSBh_segmented_1_7","Sadananda_Vedantasara_segmented_complete","Samkhyaparibhasa_segmented_complete","Sankara_BAUBh_segmented_complete","Sankara_bsbh_unsandhied","Sankara_KaUBh_segmented_complete","Sankara_PrasUBh_segmented_complete","Sankara_TaittUBh_segmented_complete","Sankara_Upad_Gadya_segmented_complete","Sarvamatasamgraha_segmented_complete","Sthiramati_Tvbh_segmented_complete","Suresvara_BAUBhV_segmented_Arthabhaga_Ajatasatru_Maitreyi","Suresvara_Naiskarmyasiddhi_segmented_complete","Suresvara_TaittUBhV_segmented_complete","Totaka_Sruti_segmented_complete","Udayana_Nyayakusumanjali_segmented_complete","Udayana_Nyayavarttikatatparyaparisuddhi_segmented_1.1_1.2","Vacaspati_Bhamati_segmented_complete","Vacaspati_Nyayasutravarttikatatparyatika_segmented_complete","Vasubandhu_AbhidhKBh_segmented_complete","Vasubandhu_Madhyantavibhagakarikabhasya_segmented_complete","Vasubandhu_MahaySABh_segmented_complete","Vasubandhu_VimsatikaKVr_segmented_complete copy","Vatsyayana_Nyayasutrabhasya_segmented_complete","Vedantaparibhasa_segmented_complete","Venkathanatha_Nyayaparisuddhi_segmented","Vijnanabhiksu_Samkhyasara_segmented_complete","Vimuktatman_Istasiddhi_segmented","Yamuna_ Isvarasiddhi_segmented","Yamuna_Atmasiddhi_segmented_complete","Yamuna_Samvitsiddhi_segmented_complete","Yuktidipika_segmented_complete"
"000_vivarana_unsandhied",0,0.604458067101102,0.713540871510386,0.604607978645443,0.566352181069212,0.741176468118678,0.678901931396129,0.545798648070707,0.764530926408705,0.714875688458353,0.760237560083157,0.51402989573143,0.656032936713938,0.665677468838291,0.672563058209403,0.623487859342623,0.710443713630766,1.02289049974402,0.571055383972434,0.600028801761993,0.523446656846194,0.883187321224263,0.585956795531896,0.533005704975882,0.64703740448559,0.806865013353696,0.868161146791186,0.955683970668766,0.539888455868917,0.753520520269783,0.821074645629647,0.720945128983014,0.588779504796373,0.713697603029784,0.693778347448142,0.716889330217625,0.728625038710029,0.79254492804623,0.856497696813724,0.561484206424023,0.664396197053239,0.785965112982913,0.655088415925211,0.736269146468033,0.71270057259708,0.722886633070842,0.879974874115388,0.627863840028688,0.537530840232451,0.666384065482086,0.592867828184328,0.592887581906855,0.757784316777029,1.05285142418877,0.92480818907277,0.698969954041868,0.50169556330327,0.590417469798092,0.656032936713938,0.710443713630766,0.649805900045818,0.798770605483535,0.778104224143538,0.650264429048569,0.581711501246291,0.667946868679503,0.641042146853025,0.749040276941889,0.809579909414056,1.10496774689192,0.674632265474493,0.821797233109255,0.67191529320908,0.758327759123767,0.611144379020048,0.729672595046787,0.588442928748458,0.790233032138479,0.630585195270273,0.699219543520424,0.721955439929689,0.813043932726714,0.764385670216291,0.787307266018286,0.632224170693708
"001_LalitaBhasya_segmented_complete",0.604458067101102,0,0.581271124780189,0.452425937610146,0.335046386113667,0.591016804391204,0.549770375347108,0.554052365620794,0.626024235010235,0.64674393882158,0.573368612396113,0.542766654544626,0.55941746400236,0.689972641597889,0.57117442869455,0.439872527554493,0.662199086570162,0.864241196037589,0.52641022566735,0.335977802088184,0.324356346075685,0.639181157665648,0.414935513938975,0.527241144694954,0.622194667553469,0.842774851625163,0.848311429334197,0.744124801642008,0.413662317119242,0.743271706109643,0.732747276897987,0.633911655409626,0.422958701967948,0.646142957336922,0.565976636591584,0.560904580238848,0.695091430155194,0.773533511724479,0.661405082857591,0.408611535187775,0.652631157562148,0.563510753753837,0.395978364502122,0.629861537743585,0.518015839923189,0.446703556307003,0.794681134856019,0.344833206098265,0.599354317430642,0.523603385211581,0.439627712263597,0.439039511043305,0.617096969083069,1.03310777947444,0.607807986437679,0.44736307007592,0.557984894951303,0.727237999957778,0.55941746400236,0.662199086570162,0.614675666613669,0.692285649922833,0.687922224380462,0.533128241350813,0.466143057664668,0.547326185880773,0.43268678717045,0.539300991807944,0.831794875526483,1.15284066264957,0.69986753061508,0.94704286592937,0.606496531957171,0.565285530654503,0.468921492759295,0.589635880327236,0.603308824445366,0.688994057914188,0.607915981080571,0.510322943712308,0.697033025854485,0.636894997112797,0.748364493967886,0.516628960781503,0.763265140883946
"002_Pseudosankara_Sanatsujatiya_segmented_complete",0.713540871510386,0.581271124780189,0,0.46010400304737,0.551718001746915,0.739308991910178,0.637947226979069,0.603490678079463,0.730686546692961,0.766035365022204,0.789345634584935,0.575427324161376,0.580282665950266,0.700629686125693,0.731652221244024,0.603935276808053,0.732994750147098,0.910128367145659,0.699509519439485,0.485484490411699,0.508640992202757,0.835532678894044,0.568583857454128,0.536687886787955,0.802371769648124,0.963279002372728,1.03098366674716,0.94110461406979,0.585218422071318,0.927755381440143,0.993392678709876,0.818105368043831,0.5230620926819,0.821656050869567,0.721839237956275,0.727156130974494,0.842411772198847,1.02268889808848,0.859228559096583,0.589633629972412,0.825413985912978,0.725230555823582,0.58409747189321,0.753037030838175,0.681490268598564,0.626214775690983,0.963132672960922,0.53218667095075,0.795058308925117,0.700330119464974,0.507678665008766,0.511214109341223,0.708251575943459,1.21489818624201,0.914436244556093,0.593345379328417,0.652266541210556,0.846016141054365,0.580282665950266,0.732994750147098,0.694419693810668,0.812185588959385,0.841999838208333,0.701941944708749,0.580726793121791,0.66589920435788,0.541338130133941,0.68109438461444,1.04852292749267,1.34814443549382,0.852830505233511,1.10800531934956,0.768209461329345,0.738314454539651,0.648237658983815,0.749321133826625,0.759029372193516,0.89811844705445,0.792951418330215,0.676252065949632,0.891921229092427,0.819751353164228,0.936575345613495,0.72814692258852,0.888784870655798
"003_Pseudosankara_SvUBh_segmented_complete",0.604607978645443,0.452425937610146,0.46010400304737,0,0.434665354481749,0.607429828223302,0.541972895797967,0.523632403450255,0.704710237933473,0.690626022096042,0.648826302144347,0.498309852711404,0.513637924283734,0.638640036102955,0.62507949297103,0.468927642849227,0.70250868240437,0.893142014332585,0.583215860385842,0.427151357847003,0.409592546504195,0.726573227259719,0.510249195853713,0.48017574994179,0.668177013226479,0.847006864058885,0.931028117834688,0.836278466324274,0.488850157680954,0.829347901587786,0.842756899589504,0.706434574416172,0.471672600742002,0.734106817388304,0.591074685378973,0.633348445315648,0.740706720219588,0.860160098902011,0.725395914410115,0.525665174839992,0.71054374523715,0.689170847148275,0.503966924682216,0.678517548612359,0.591595828068609,0.542671774280464,0.861379502674003,0.448201647000986,0.663650686367461,0.56537199503139,0.421306737712893,0.423143111994479,0.623109873951819,1.07248088441955,0.805630816022157,0.494333355560536,0.514358960446273,0.696522884694864,0.513637924283734,0.70250868240437,0.598191479054977,0.69222857636128,0.712400345872763,0.603843129396581,0.424026033995825,0.574785820600477,0.440847709804632,0.606494163662008,0.892843131207293,1.2201579672104,0.717490228396045,0.971380854492225,0.686582394370382,0.64786793299778,0.545455065813975,0.688601888537088,0.651114211026345,0.77884625208919,0.687975630467881,0.499874581842179,0.765637542821563,0.720112956397682,0.781870561998858,0.637976736942037,0.759306517698342
"004_Pseudosankara_Visnusahasranama_unsegmented_complete",0.566352181069212,0.335046386113667,0.551718001746915,0.434665354481749,0,0.558881601337455,0.555165586928301,0.513618662497631,0.575956245774669,0.578098599239813,0.559640091477139,0.459344647418073,0.433186881097825,0.6226159438529,0.505593401498495,0.409598219532766,0.539705520374046,0.820783665346329,0.494804827357503,0.277838911209314,0.269183602656356,0.589149376926789,0.32726661690625,0.453898807528106,0.590492244917659,0.745095721622328,0.79658075913698,0.681210213719106,0.372969273245366,0.707933900313664,0.739320628739165,0.579487740843369,0.373341940174745,0.571615667515967,0.484616584936021,0.483887565302736,0.657003020033232,0.813543415843423,0.657252242705627,0.368984357435371,0.641222173810352,0.51007955505702,0.338477469284242,0.595924046324904,0.437664955185759,0.372633359842023,0.74553269983239,0.280179618870871,0.58001828236917,0.457521469607849,0.434190153021595,0.434050771383976,0.609935599903176,0.983196903316863,0.647659594623743,0.347450261642154,0.509036340628595,0.704114576780949,0.433186881097825,0.539705520374046,0.50286315128956,0.640377143303367,0.671527964164778,0.46340065099486,0.394283199750185,0.508759498502206,0.360612560684889,0.481027228196792,0.801174166443475,1.16771948272204,0.699981293054399,0.944678759992396,0.568204892246795,0.465217119620107,0.393604723713907,0.510905141524093,0.552728641939328,0.721840166049649,0.597346135998635,0.445880088215497,0.677978233023555,0.588043128631401,0.717212611910974,0.4593560193215,0.710333517394865
"005_Sankara_Adhyatmapatala_segmented_complete",0.741176468118678,0.591016804391204,0.739308991910178,0.607429828223302,0.558881601337455,0,0.613433456447102,0.642781670943062,0.667747079450005,0.630404349852586,0.654721290595965,0.598753400991073,0.673855735989949,0.756165791406257,0.573871796992317,0.59399095435883,0.690788641732543,0.894593507263713,0.767826782048432,0.468715428308892,0.475770759586911,0.731458232214571,0.557294693162458,0.642117514309334,0.831620450915318,0.981107689653707,0.932422212787712,0.936197251261889,0.500569835321563,0.880066069868073,0.909772094945329,0.712426668894504,0.587448629003045,0.830729812758936,0.583329827551876,0.657295260088928,0.819124081956096,0.953078023724467,0.839253566049692,0.568404520428654,0.82926790998066,0.644910326460885,0.529999683749751,0.761044369651926,0.639952321388302,0.56370195117678,0.868738895013599,0.4538448643627,0.736505973556783,0.684938908146895,0.61988673381584,0.619750650362203,0.756590553951378,1.13790179182493,0.815291758947174,0.556001156459213,0.648820484476547,0.848357703166815,0.673855735989949,0.690788641732543,0.696732569157074,0.722368184206094,0.779392767553375,0.667316736321169,0.599961278074681,0.714895616604423,0.538366307393093,0.570195445802854,0.98718248698184,1.35306087472741,0.907410489194453,1.1152962409428,0.778631474559336,0.569958391724712,0.617948957792046,0.647179511678361,0.787258927145644,0.830989420965007,0.745200447385582,0.601572242532403,0.831939055267221,0.698029062566646,0.867370910797079,0.663658586335354,0.92100863586651
"006_Sankara_ AiUBh_segmented_complete",0.678901931396129,0.549770375347108,0.637947226979069,0.541972895797967,0.555165586928301,0.613433456447102,0,0.606806124389133,0.666086637966175,0.601877770119076,0.686279314182832,0.565005356843833,0.587714548103198,0.677099543378741,0.549831971293047,0.57995459035013,0.630958997698771,0.816160155514143,0.673016600165641,0.461873038285908,0.477583353429792,0.754536797603809,0.523466996115613,0.582786970310355,0.740498588681102,0.943943872230145,0.896576878642776,0.889313977287921,0.532161171057566,0.852397399920993,0.899334111272252,0.691805778488168,0.574155271770992,0.795101104049355,0.641399832036184,0.622794032638665,0.711880264152964,0.877439291545333,0.816858517040902,0.540469818761673,0.770798692986104,0.64222888778169,0.514515934973024,0.804393793095297,0.624442463958535,0.567061832665955,0.863574433017292,0.479020869814192,0.673750044107525,0.698525023313398,0.585444352576377,0.587373668241071,0.72835631238928,1.10640964615163,0.879268750770401,0.562978054813309,0.49054652697065,0.775749956618447,0.587714548103198,0.630958997698771,0.65385726190745,0.663892241943499,0.821082252216594,0.640930056118002,0.491003577151283,0.642881364583693,0.518699868668724,0.652071317097953,0.955914055917268,1.23251657827879,0.833395047099583,1.02094123520083,0.663273283193123,0.667795249319154,0.645327971507609,0.613872093066146,0.665819431850597,0.78831993105682,0.713333123934276,0.595518702771907,0.833827607306254,0.747337734853966,0.858610076754301,0.622536124669472,0.859731606782944
"007_Sankara_BhGBh_segmented_complete",0.545798648070707,0.554052365620794,0.603490678079463,0.523632403450255,0.513618662497631,0.642781670943062,0.606806124389133,0,0.665600112094985,0.620513407214354,0.729465207320325,0.427216811289941,0.512792411461712,0.61148771342032,0.574332932304601,0.517235747557978,0.682780538000867,0.957080086967166,0.627530947624871,0.512686208823718,0.48719333991821,0.854370567104458,0.54163367565843,0.456415976236494,0.725782810093141,0.825355901740407,0.945582374419341,0.985899691551944,0.550146291199445,0.815219364055492,0.896511725340251,0.768074102516486,0.553984315620931,0.762268449761387,0.72382133372818,0.694863027279124,0.727774068044663,0.886107790689754,0.844124139065091,0.534853918166534,0.711306260139954,0.738107369940306,0.58667534498871,0.697727788924858,0.664851170153447,0.629302444154003,0.921823708276339,0.542462892194435,0.587976130473025,0.665634152585466,0.466589534112997,0.470049941295923,0.646088838648995,0.997887377147369,0.91904276505676,0.586002658850405,0.465385160655154,0.677292620685655,0.512792411461712,0.682780538000867,0.590208136957048,0.780765903385978,0.756470389200998,0.626428640625765,0.543813580481677,0.57986363968409,0.58251481009675,0.679505465177828,0.902107538096656,1.15541374288342,0.645512670149193,0.878378288788632,0.705631876597149,0.684993284754241,0.574317506483755,0.743449321702908,0.594431785411538,0.806982322293004,0.64295293626081,0.696322658001114,0.774435522341877,0.799001743260253,0.84613613006746,0.703470952775956,0.736925978095395
"008_Sankara_IUBh_segmented_complete",0.764530926408705,0.626024235010235,0.730686546692961,0.704710237933473,0.575956245774669,0.667747079450005,0.666086637966175,0.665600112094985,0,0.687302169326255,0.729487107959712,0.585179348140554,0.63181371681797,0.756948737036505,0.622436062644488,0.606239850207379,0.724504366937286,0.936608346476242,0.849094308115378,0.504332937182671,0.519029879916452,0.855669913833814,0.587419619553468,0.671221852459247,0.867195574351813,1.05605836334551,1.03336394143072,0.93677291037329,0.651525707778273,0.940867743877615,1.05114583818782,0.820760599292535,0.623164252783097,0.919942973652152,0.764208827755042,0.699663031215143,0.744781758748125,1.12579669886759,0.931203460508473,0.651080919614204,0.906253195521161,0.678904123699381,0.567207939956051,0.760357203108746,0.670921811442202,0.574706675577107,0.905447479375487,0.48615476036843,0.828143817268393,0.743339180067861,0.643695037054822,0.645257844376882,0.80653743194744,1.19175781503126,0.873090861218543,0.628480608547458,0.709662426479838,0.937165951977939,0.63181371681797,0.724504366937286,0.773789946139935,0.840255874281587,0.897632579229934,0.656688092954864,0.670736688757843,0.777936672358586,0.643859199162245,0.691044355391346,1.10684470192819,1.38537606451534,0.950137273696558,1.1528579886319,0.811802694681393,0.710144570212564,0.635947489446338,0.710174603751126,0.883161154574847,0.987629957763132,0.878507845029523,0.749399343149943,0.961289107855082,0.824037640963321,1.02555596984061,0.725373209396,0.982849136992293
"009_Sankara_KeUBh_segmented_complete",0.714875688458353,0.64674393882158,0.766035365022204,0.690626022096042,0.578098599239813,0.630404349852586,0.601877770119076,0.620513407214354,0.687302169326255,0,0.699606085773311,0.580544337487555,0.631638143424478,0.802215802335014,0.563497034435661,0.594625856347697,0.713360983136086,1.01432340474923,0.826624300389734,0.575808502644097,0.539930482242935,0.855343814980197,0.60802695395538,0.680510909813595,0.825510056320983,1.03934289103662,0.933240373198558,1.00235017242701,0.62294796821304,0.936703563462121,0.919940083741195,0.788905996379929,0.661050664813955,0.898630950448885,0.722375349545562,0.687362660724143,0.704636555843956,0.976321169257542,0.87655932715575,0.638220958141518,0.924900043043461,0.757612444404263,0.602676716078152,0.835151943178801,0.727083372788362,0.647681514505416,0.978629389482541,0.560969183169645,0.70767371467306,0.694344798870767,0.684686952675567,0.685134089682385,0.842448907423684,1.17391499765806,0.925037253384628,0.632888402340992,0.616954079300175,0.879381466925548,0.631638143424478,0.713360983136086,0.692520500725336,0.774021800742761,0.922276415526186,0.721503526965551,0.650301373196787,0.720865893046281,0.615586938413996,0.753087102091845,1.00985571459709,1.31730784587278,0.905604980105112,1.09470504942495,0.785762731170618,0.723362676229165,0.62506811111436,0.673879130610048,0.77433483638499,0.823430404002162,0.777401260392683,0.73715239920163,0.920094025721785,0.843195547043964,0.952600284527967,0.763042063007141,0.939850830677434
"010_Sankara_KeUBhVakya_segmented_complete",0.760237560083157,0.573368612396113,0.789345634584935,0.648826302144347,0.559640091477139,0.654721290595965,0.686279314182832,0.729465207320325,0.729487107959712,0.699606085773311,0,0.696013517474121,0.656133885390359,0.824617659945812,0.612118730710501,0.617828310613693,0.740170771016031,0.901736843868921,0.778630752345796,0.485468971410208,0.526010079100582,0.82333529323597,0.610061874659491,0.702858157646145,0.844708588919424,1.0092327379727,0.983126251233214,0.87728219522454,0.606123701616677,0.87080157266107,0.815894913124439,0.707264205524623,0.606339981380795,0.848297728811359,0.704342704028487,0.760573355204828,0.813397192910047,0.860394605686127,0.821221479929441,0.600045090557848,0.782952315758648,0.728965133244769,0.568587240774621,0.807710618127625,0.661986885681488,0.582323609751851,0.910416146647185,0.511196728850089,0.762449655511877,0.666543787049692,0.669961335630863,0.671779356418011,0.832791874845608,1.24966498661748,0.786875653035096,0.567175862025346,0.720329227014456,0.934619207652804,0.656133885390359,0.740170771016031,0.704457236732361,0.718630793558256,0.810154839662247,0.66568437743873,0.632926816443475,0.691699471666336,0.61821619161988,0.666428148270282,0.982174435823248,1.34294875127763,0.932338841663067,1.19197760944746,0.779163429731935,0.659659644308327,0.607396723142035,0.689846350802975,0.794263572096751,0.813739770063515,0.794253181728573,0.65704095774615,0.836713763544317,0.651775392253162,0.822392085316517,0.662494342641914,0.931444007930681
"011_Sankara_ChUBh_segmented_complete",0.51402989573143,0.542766654544626,0.575427324161376,0.498309852711404,0.459344647418073,0.598753400991073,0.565005356843833,0.427216811289941,0.585179348140554,0.580544337487555,0.696013517474121,0,0.460150006499059,0.515823598126073,0.55291602510534,0.469911435417966,0.574340343847889,0.94550059145264,0.633081207885732,0.497769149983757,0.416148160762686,0.807459034813235,0.531659130671394,0.482880841790349,0.715391186539995,0.849186325832904,0.955847517469934,0.944402954658792,0.508637928328712,0.83984970935039,0.890406413926763,0.752142719224943,0.539069469396633,0.749218608025959,0.674356948526561,0.656458496421962,0.686891259824907,0.870228344381229,0.842492709511405,0.510525276427605,0.74902282912505,0.716502775632911,0.56015132635568,0.684737970578086,0.655854462306526,0.60836068602591,0.862043247401118,0.502181928263417,0.600514587059916,0.614907770135832,0.483635891399135,0.486909673803008,0.639953104901526,0.967913462277346,0.84446820244562,0.591232891069268,0.387235731597433,0.594946451912307,0.460150006499059,0.574340343847889,0.52251558364677,0.814810984024767,0.801347199518323,0.60807716424458,0.452642230392719,0.606893131120803,0.520645937847055,0.661796547862684,0.879445070398926,1.16754947108509,0.696296914174198,0.921997985759986,0.675264046063243,0.663999817265948,0.566713840220862,0.643481270505943,0.648749833333956,0.817529259451108,0.679246485349961,0.642822911538509,0.794056895227082,0.777978485647333,0.815236302556113,0.693869886864134,0.77311571592215
"012_Sankara_KaUBh_segmented_complete",0.656032936713938,0.55941746400236,0.580282665950266,0.513637924283734,0.433186881097825,0.673855735989949,0.587714548103198,0.512792411461712,0.63181371681797,0.631638143424478,0.656133885390359,0.460150006499059,0,0.624390632052479,0.579071432077514,0.50603291658816,0.601101626406472,0.973283362244305,0.686915136999602,0.476832280368858,0.458141622691798,0.745423153741795,0.511823891535217,0.547794206464467,0.741332111858641,0.885779350021061,0.943059485586033,0.863304441240433,0.534575697947267,0.899146150063448,0.909714011170077,0.732184087500518,0.544830546275474,0.785550880105981,0.661581400769435,0.684284247013879,0.725787798248524,0.955845194471411,0.821232289173007,0.569527527253571,0.806201657209254,0.736447061503738,0.507486372458116,0.708390040630417,0.629447615370404,0.565170384883626,0.909982691882585,0.495124552880975,0.725219753696487,0.616118587358221,0.536455747460883,0.535791021672638,0.710706524296611,1.07773555888053,0.78595048308888,0.51846375601286,0.571365690639294,0.836673449188553,0,0.601101626406472,0.563347135705374,0.742246018154983,0.774926197513034,0.602138290238357,0.53542727781069,0.678050911430515,0.504465611610866,0.670736587239894,0.972633679581772,1.2641548115721,0.791896184844778,1.01275536787205,0.710052181806785,0.64383273948382,0.58066220225779,0.677148036358191,0.66304463627684,0.846513864891398,0.77142439792808,0.634020333219627,0.871101595320096,0.763704296191784,0.851717886295908,0.691273993222086,0.800370833617469
"013_Sankara_ManUBh_segmented_complete",0.665677468838291,0.689972641597889,0.700629686125693,0.638640036102955,0.6226159438529,0.756165791406257,0.677099543378741,0.61148771342032,0.756948737036505,0.802215802335014,0.824617659945812,0.515823598126073,0.624390632052479,0,0.696145583127836,0.66995938076286,0.718259813414274,0.964771947209223,0.657243237348205,0.633260516400321,0.568820522705318,0.954936222443938,0.635615727109232,0.635776302920414,0.792619271594175,0.92241786424536,0.989915239688936,0.943872701353034,0.614330588528314,0.892254294132455,0.873821698509359,0.861019111320391,0.646812062610876,0.737263816965284,0.760942930875761,0.74648308742472,0.793205800407592,0.957567409169111,0.931319424325544,0.616839418497346,0.804163039839752,0.83645785649149,0.70024220314978,0.827062021103267,0.751003282137385,0.74740712414552,0.918352729469199,0.642403901093201,0.739245337587262,0.702359613160723,0.673318357597305,0.670816126684821,0.794779783257916,1.10007460354173,0.977567576518691,0.737189115441291,0.574322375753222,0.753512613857642,0.624390632052479,0.718259813414274,0.652356041018375,0.853449367098637,0.912034302256595,0.7124318315964,0.530512552478778,0.705455683892412,0.618725310986683,0.804920856661657,0.929498169561643,1.12704133081466,0.795714071864666,0.951037364529307,0.752926805887,0.797943336600771,0.679172048516364,0.767740602638546,0.750906007377795,0.901280775628246,0.800876940034279,0.703647899154585,0.757174532016699,0.874989965256069,0.893262099133906,0.766507790157029,0.847044313596207
"014_Sankara_MunUBh_segmented_complete",0.672563058209403,0.57117442869455,0.731652221244024,0.62507949297103,0.505593401498495,0.573871796992317,0.549831971293047,0.574332932304601,0.622436062644488,0.563497034435661,0.612118730710501,0.55291602510534,0.579071432077514,0.696145583127836,0,0.548583600864138,0.600516206618455,0.914772105218284,0.737680868942668,0.467623936545529,0.487405678428562,0.797948690686147,0.552939569500453,0.627665688715615,0.818126174551634,0.957603577768555,0.949130387436307,0.870616305614594,0.535963421676653,0.897816928181292,0.907359213135174,0.694414637623679,0.612496999038117,0.835477446851662,0.682323359767001,0.620398982642856,0.708814756205208,0.938658713444638,0.834915737932323,0.55522324302239,0.813519694995022,0.67648935362887,0.50810627822486,0.738647468337399,0.600776359274649,0.539957368780995,0.874148664163178,0.485495573948852,0.669852107774829,0.695880683848407,0.594495032263009,0.596079054455518,0.78162188531431,1.1136887550052,0.844901361945644,0.528623202743874,0.569817676573953,0.826083177191164,0.579071432077514,0.600516206618455,0.599674520020246,0.665245863349317,0.779372780465502,0.676809032020667,0.52818702773365,0.678163418755296,0.500392941764499,0.665835361650071,1.01725789541383,1.31826410545966,0.878250293506761,1.07379425232296,0.740498227687832,0.598340566823334,0.56816329300159,0.618020175314654,0.708220786992014,0.754661289047177,0.7705785874056,0.617690306334968,0.840905572691038,0.732537384829296,0.85251854887001,0.631545283764856,0.841107175935831
"015_Sankara_NrsTBh_segmented_complete",0.623487859342623,0.439872527554493,0.603935276808053,0.468927642849227,0.409598219532766,0.59399095435883,0.57995459035013,0.517235747557978,0.606239850207379,0.594625856347697,0.617828310613693,0.469911435417966,0.50603291658816,0.66995938076286,0.548583600864138,0,0.62452682083616,0.869806344127215,0.598664539132478,0.328788778265553,0.303749655344452,0.629915586593008,0.40786948908973,0.499734612630818,0.694533070177835,0.850603576454276,0.883827634248601,0.816588467645158,0.44125353780674,0.782303150816583,0.781906420179049,0.625645222911461,0.442042365821717,0.730460939322413,0.59188813418694,0.548912467423283,0.649981746244918,0.854080086707984,0.773059891674322,0.428925298751838,0.7161058895048,0.583763326786849,0.375182230895969,0.640759511427771,0.521453342332373,0.441209794052952,0.777153852971457,0.329612062534591,0.649404956302466,0.581376135140254,0.46891773696162,0.470132907736136,0.628404709753737,0.966130015683972,0.71609399573421,0.417281180538243,0.537636288300017,0.722268633273096,0.50603291658816,0.62452682083616,0.558676868102747,0.718133291755551,0.734443566441789,0.543248311120897,0.417309143925396,0.541335391123804,0.418904422015201,0.521741515360195,0.856248339997606,1.20138639778041,0.73814020306214,0.935538193492816,0.643142560671414,0.559919115569388,0.498461451145426,0.584376819460898,0.648996390636791,0.777262047414393,0.620094818457524,0.572006951919066,0.731171423230859,0.657559758314894,0.781910411731585,0.542410360598646,0.803582898401516
"016_Sankara_PrasUBh_segmented_complete",0.710443713630766,0.662199086570162,0.732994750147098,0.70250868240437,0.539705520374046,0.690788641732543,0.630958997698771,0.682780538000867,0.724504366937286,0.713360983136086,0.740170771016031,0.574340343847889,0.601101626406472,0.718259813414274,0.600516206618455,0.62452682083616,0,0.975198129092726,0.748906098717467,0.566048226516008,0.549403293144572,0.859495834160389,0.597522486349454,0.666564496538676,0.814512428663267,0.99463743602037,0.914534327439696,0.88517979216114,0.597200326897857,0.876476570406494,0.943404196677033,0.799381819649052,0.619405633278556,0.847035530621655,0.652998310915258,0.69440504627795,0.850246959787215,0.993815605351015,0.84692030380183,0.60887578629466,0.87779651185679,0.782575931815351,0.607449073595604,0.780142941378896,0.715987476012917,0.667796517384971,0.966511764473321,0.577363999950858,0.785648188947981,0.716860876080335,0.656357107243437,0.654489864811628,0.757862584330682,1.23984673198955,0.868580122217776,0.628576323039242,0.609499880132567,0.859333272572972,0.601101626406472,0,0.600554574525066,0.812980688411687,0.866553435292521,0.660706392668703,0.624892910392536,0.74795655156321,0.599051787633649,0.747998490161891,0.943933715058714,1.27438094186033,0.895836342287564,1.03966725756897,0.761716584559379,0.711785668029291,0.649356013406873,0.689333752643058,0.689031069179995,0.844225926584053,0.781500112524994,0.737546265122723,0.885924573791947,0.723338541988066,0.891677064489417,0.764497325410485,0.856397374200743
"018_HastaBh_HastaBh_segmented_complete",1.02289049974402,0.864241196037589,0.910128367145659,0.893142014332585,0.820783665346329,0.894593507263713,0.816160155514143,0.957080086967166,0.936608346476242,1.01432340474923,0.901736843868921,0.94550059145264,0.973283362244305,0.964771947209223,0.914772105218284,0.869806344127215,0.975198129092726,0,1.00222531348496,0.661607531880546,0.734752993495505,0.952797184643173,0.827310708622097,0.911210607056271,1.07383845761247,1.2355473028105,1.15084995683063,1.09146978224923,0.823364954084225,1.15383210852507,1.09881794141802,0.990729747023656,0.805967838497884,1.04441277726773,0.921879667766918,0.911173053726953,1.07546280446069,1.1600951196267,1.01058528172813,0.801504276324207,1.06846728482903,0.949410104433337,0.7696735630405,1.01543049199896,0.894540503967348,0.817641653344408,1.03666927503364,0.709711603496428,1.02378043475246,0.966053852672374,0.899127500600151,0.899840545256159,1.02521875317537,1.40824191972815,1.14000382951169,0.835327160010618,0.852379629895633,1.09359254184484,0.973283362244305,0.975198129092726,0.930728692810215,0.931960201116688,1.10111346464943,0.869738509013491,0.847402148465677,0.911620230077767,0.784570641246846,0.839228761381679,1.15044801404769,1.54516130842053,1.16691417820269,1.39007504175434,0.989362802715873,0.951446603123383,0.882246996815933,0.907672015960599,1.0010042612032,1.00490121820649,1.02801035872788,0.7821236318057,1.00663041133441,0.925328625615611,1.06611373067328,0.768001274348679,1.22525621467207
"Abhinavagupta_IsvPrV_segmented_complete",0.571055383972434,0.52641022566735,0.699509519439485,0.583215860385842,0.494804827357503,0.767826782048432,0.673016600165641,0.627530947624871,0.849094308115378,0.826624300389734,0.778630752345796,0.633081207885732,0.686915136999602,0.657243237348205,0.737680868942668,0.598664539132478,0.748906098717467,1.00222531348496,0,0.514305136093208,0.447864373986081,0.79136346070048,0.522921457632264,0.518706257510455,0.605738918012451,0.768168900009364,0.807345065620448,0.799756849096671,0.489047208627913,0.697936986904655,0.770289191635969,0.679817285628441,0.546410200746475,0.570905726421354,0.690373091344604,0.641665839583159,0.82645376336515,0.796511534695048,0.796164325716985,0.520344575653784,0.663961569405663,0.723886319599698,0.562520840793239,0.751610245745791,0.64813967342525,0.631036836878576,0.873788959902663,0.539641667665996,0.628562687597316,0.670081253383543,0.556914301083705,0.553628225285916,0.705856484884411,1.02190094979856,0.873754732230454,0.5981051063568,0.60955533123096,0.73804959614164,0.686915136999602,0.748906098717467,0.675181801420159,0.811736829558644,0.79986365578476,0.629757156666576,0.505534104144625,0.63550393079547,0.566046170671641,0.674319672052391,0.769510942752656,1.00249656028943,0.639371101604825,0.769553229148099,0.648377860496104,0.672871429246851,0.571367253254428,0.74247616890681,0.560098456246389,0.797777910833161,0.61254431267522,0.671671562828772,0.657183214552713,0.782493664316002,0.771825203476775,0.613436363579456,0.699792379542609
"Abhinavagupta_Paramarthasara_segmented_complete",0.600028801761993,0.335977802088184,0.485484490411699,0.427151357847003,0.277838911209314,0.468715428308892,0.461873038285908,0.512686208823718,0.504332937182671,0.575808502644097,0.485468971410208,0.497769149983757,0.476832280368858,0.633260516400321,0.467623936545529,0.328788778265553,0.566048226516008,0.661607531880546,0.514305136093208,0,0.167529957143783,0.425415158316071,0.248166869580954,0.439976097736087,0.560087644255357,0.748366812327147,0.762912076298017,0.613679262741529,0.323440752692432,0.658955193004681,0.721799572735416,0.476515327155809,0.273269722881464,0.587697023405187,0.411136124482246,0.426257546420513,0.601913098271595,0.826006808207285,0.620749443260135,0.290834066853385,0.666343119047764,0.397376095769255,0.172577836596355,0.545352749564498,0.320516638593534,0.198273328666393,0.615749664776478,0.112615877052284,0.59684731086849,0.420701332951043,0.361749512864059,0.361212202951608,0.576835222321944,0.973964217234866,0.557175275894839,0.258606476567917,0.53957509600367,0.731267850217562,0.476832280368858,0.566048226516008,0.559865101275632,0.52020549269468,0.60092231908556,0.398432801235597,0.380487316248981,0.447105388435328,0.338299155308298,0.260333870735523,0.814391512084656,1.24294190297633,0.7444795555723,1.01202728731694,0.483656333798289,0.380905162902127,0.347745875349443,0.390935893133894,0.53371905948062,0.669281683603394,0.590202676433348,0.36959054417042,0.609255879043542,0.449496455670861,0.650896661071222,0.335529207744084,0.743876545403872
"Abhinavagupta_Tantraloka_segmented_complete",0.523446656846194,0.324356346075685,0.508640992202757,0.409592546504195,0.269183602656356,0.475770759586911,0.477583353429792,0.48719333991821,0.519029879916452,0.539930482242935,0.526010079100582,0.416148160762686,0.458141622691798,0.568820522705318,0.487405678428562,0.303749655344452,0.549403293144572,0.734752993495505,0.447864373986081,0.167529957143783,0,0.509609622786794,0.245235466199578,0.421444681335403,0.538750707611203,0.690301292598825,0.73546239875478,0.672764214990078,0.294367502215699,0.650600928322045,0.689788181410718,0.502023421243379,0.27348931611815,0.548267081832687,0.453627865536727,0.436768760346236,0.62142649601072,0.744496885520421,0.647382660025904,0.273013417858938,0.597763540385866,0.437546939662781,0.228512316161306,0.53689431498821,0.356337487629837,0.282272084140493,0.645489076317968,0.16814831222851,0.536121793831385,0.444159370713419,0.373349279924115,0.37231225976554,0.553945352448967,0.880152898235034,0.593753796638582,0.303602082561602,0.442478169674556,0.63401179388806,0.458141622691798,0.549403293144572,0.520039993419578,0.563642774852586,0.6344262883078,0.406360086514801,0.315345634562237,0.427630714812903,0.331207017962016,0.379457098769694,0.749182237264474,1.16428111397138,0.64322708122192,0.925970434188364,0.502065460892505,0.415481180769751,0.35079693528133,0.438646379675019,0.526293919021598,0.668881886446376,0.54269662056663,0.414624704768438,0.565211379577751,0.518122369210787,0.67004299807159,0.389297751836941,0.684419285118792
"Annambhatta_Tarkasamgraha_segmented_complete",0.883187321224263,0.639181157665648,0.835532678894044,0.726573227259719,0.589149376926789,0.731458232214571,0.754536797603809,0.854370567104458,0.855669913833814,0.855343814980197,0.82333529323597,0.807459034813235,0.745423153741795,0.954936222443938,0.797948690686147,0.629915586593008,0.859495834160389,0.952797184643173,0.79136346070048,0.425415158316071,0.509609622786794,0,0.564643689510871,0.775206700186952,0.796183806484634,0.992834858209389,0.900409520094345,0.810090262615017,0.63081596280021,0.919226680243877,0.956226543842754,0.717937218216178,0.599703223448959,0.800965719872067,0.647888211634259,0.64537434100571,0.893331450104614,1.0549086833511,0.911947482271666,0.614603539484535,0.960303934760768,0.67811551045107,0.509442814954232,0.84505892018478,0.623449523496177,0.552900145803693,0.887217873790145,0.463952853703426,0.902509068843499,0.713698580818245,0.694992876835414,0.695114371993478,0.850617055155835,1.26663936924599,0.727217084976776,0.593110014783336,0.841510005087487,1.03249469162378,0.745423153741795,0.859495834160389,0.846722281231178,0.880488146392902,0.808364498190428,0.714027256892481,0.684981495050061,0.749270408242619,0.634977344218184,0.612462194153145,1.0050177585826,1.39226556109365,1.05093669216869,1.17469854946244,0.760734517041479,0.681479374913081,0.676379087628465,0.726590776558082,0.73556784497626,0.911185612632047,0.817028601580413,0.69066946900882,0.876239770379654,0.710182184851896,0.973610261640062,0.661168190691794,1.02708138379104
"Asanga_Abhidharmasmuccaya_segmented_complete",0.585956795531896,0.414935513938975,0.568583857454128,0.510249195853713,0.32726661690625,0.557294693162458,0.523466996115613,0.54163367565843,0.587419619553468,0.60802695395538,0.610061874659491,0.531659130671394,0.511823891535217,0.635615727109232,0.552939569500453,0.40786948908973,0.597522486349454,0.827310708622097,0.522921457632264,0.248166869580954,0.245235466199578,0.564643689510871,0,0.485933769176863,0.570287284639896,0.675224959331417,0.769020715621527,0.673093128699124,0.349942083698319,0.695840983282202,0.802734754440988,0.55112833278232,0.304728575539835,0.553357439496118,0.510813937185334,0.488304660999991,0.625934775309239,0.882206837578943,0.686506133259295,0.348619207141864,0.688673750970617,0.530955554434643,0.307829720185433,0.589036936216771,0.381736053390122,0.307833152765162,0.728358489240036,0.22034926742293,0.59761269344703,0.47968485273967,0.455564698633141,0.45409843349918,0.638837010003893,0.986140444024205,0.646400163618648,0.307265305127731,0.556864956243369,0.743857252495224,0.511823891535217,0.597522486349454,0.588423056275882,0.62292672808147,0.621001908627851,0.423382976014942,0.416917715534052,0.50010410190588,0.392242056254446,0.467553833411952,0.841386175029876,1.2033377803195,0.752300314848596,0.952490468133146,0.495693103180206,0.400417978296079,0.318529528362808,0.50017966793234,0.541221967137297,0.735619121737754,0.602513466931745,0.478765965927007,0.663237251553269,0.570229015302096,0.75406069714014,0.488152100771685,0.721428815435071
