"","000_vivarana_unsandhied","001_LalitaBhasya_segmented_complete","002_Pseudosankara_Sanatsujatiya_segmented_complete","003_Pseudosankara_SvUBh_segmented_complete","004_Pseudosankara_Visnusahasranama_unsegmented_complete","005_Sankara_Adhyatmapatala_segmented_complete","006_Sankara_ AiUBh_segmented_complete","007_Sankara_BhGBh_segmented_complete","008_Sankara_IUBh_segmented_complete","009_Sankara_KeUBh_segmented_complete","010_Sankara_KeUBhVakya_segmented_complete","011_Sankara_ChUBh_segmented_complete","012_Sankara_KaUBh_segmented_complete","013_Sankara_ManUBh_segmented_complete","014_Sankara_MunUBh_segmented_complete","015_Sankara_NrsTBh_segmented_complete","016_Sankara_PrasUBh_segmented_complete","018_HastaBh_HastaBh_segmented_complete","Abhinavagupta_IsvPrV_segmented_complete","Abhinavagupta_Paramarthasara_segmented_complete","Abhinavagupta_Tantraloka_segmented_complete","Annambhatta_Tarkasamgraha_segmented_complete","Asanga_Abhidharmasmuccaya_segmented_complete","Bhaskara_BhGBh_segmented","Candrakirti_Bodhisattvayogacaracatuhsatakatika_segmented_complete","Candrakirti_Prasannapada_segmented_complete","Dharmakirti_Hetubindu_segmented","Dharmakirti_Nyayabindu_segmented","Dharmakirti_Pramanavartika_segmented_complete","Dharmakirti_Vadanyaya_segmented","Gangesa_Tattvacintamani_segmented","Jayarasi_Tattvopaplavasimha_segmented_complete","Kamalasila_Bhavanakrama_segmented_complete","Kamalasila_Madhyamakaloka_segmented_complete","Kavirajayati_Samkhyatattvapradipa_segmented_complete","Kumarila_MimSV5.4-9_segmented","Kumarila_Tantravartika2.2.1-4_segmented","Madhusudana_Advaitasiddhi_segmented_complete","Madhusudana_Siddhantabindu_segmented_complete","Madhva_Anuvyakhyana_segmented_complete","Mandana_Brahmasiddhi_prose","Mandana_Karikas_complete","Mandana_Vibhramaviveka_segmented_complete","Mathara_Matharavrtti_segmented_complete","Nagarjuna_MMK_segmented_complete","Nagarjuna_SuSapt_segmented_complete","Nagarjuna_VigV_segmented_complete","Nagarjuna_YuktSast_segmented_complete","Padmapada_Pancapadika_segmented_complete","Prasastapada_Padarth_segmented_complete","Ramanuja_BhGBh_segmented_complete","Ramanuja_Sribhasya_segmented_part","Ramanuja_Vedarth_segmented_complete","Sabara_MimSBh_segmented_1_7","Sadananda_Vedantasara_segmented_complete","Samkhyaparibhasa_segmented_complete","Sankara_BAUBh_segmented_complete","Sankara_bsbh_unsandhied","Sankara_KaUBh_segmented_complete","Sankara_PrasUBh_segmented_complete","Sankara_TaittUBh_segmented_complete","Sankara_Upad_Gadya_segmented_complete","Sarvamatasamgraha_segmented_complete","Sthiramati_Tvbh_segmented_complete","Suresvara_BAUBhV_segmented_Arthabhaga_Ajatasatru_Maitreyi","Suresvara_Naiskarmyasiddhi_segmented_complete","Suresvara_TaittUBhV_segmented_complete","Totaka_Sruti_segmented_complete","Udayana_Nyayakusumanjali_segmented_complete","Udayana_Nyayavarttikatatparyaparisuddhi_segmented_1.1_1.2","Vacaspati_Bhamati_segmented_complete","Vacaspati_Nyayasutravarttikatatparyatika_segmented_complete","Vasubandhu_AbhidhKBh_segmented_complete","Vasubandhu_Madhyantavibhagakarikabhasya_segmented_complete","Vasubandhu_MahaySABh_segmented_complete","Vasubandhu_VimsatikaKVr_segmented_complete copy","Vatsyayana_Nyayasutrabhasya_segmented_complete","Vedantaparibhasa_segmented_complete","Venkathanatha_Nyayaparisuddhi_segmented","Vijnanabhiksu_Samkhyasara_segmented_complete","Vimuktatman_Istasiddhi_segmented","Yamuna_ Isvarasiddhi_segmented","Yamuna_Atmasiddhi_segmented_complete","Yamuna_Samvitsiddhi_segmented_complete","Yuktidipika_segmented_complete"
"000_vivarana_unsandhied",0,0.530376513136474,0.572139726150001,0.549860841312272,0.547260732939249,0.640527999285518,0.635146155545222,0.564534313837539,0.680612582503743,0.665886427480125,0.685910178787269,0.538388735511996,0.621400373238633,0.620769610868842,0.645298814767588,0.563863132013888,0.661822092978065,0.707166380973289,0.514935304163999,0.483160537497248,0.451077658770291,0.697695240802542,0.532805520166209,0.528882201952242,0.640027258410286,0.644870656135556,0.721330464524619,0.662832145894579,0.510338082956416,0.668364288715977,0.651689826385989,0.59030263139842,0.518319610436582,0.586532223637313,0.66332691688374,0.635793334309003,0.649102986160141,0.678341896472462,0.724048540140225,0.508026671985372,0.633819422547309,0.611011241862495,0.567207911185904,0.604059082549858,0.59148210064539,0.533277676873365,0.632826718788462,0.446707792637934,0.604169539664928,0.619673512599079,0.565763377688958,0.563152684254951,0.703417450100941,0.6898829499888,0.625296601647244,0.545030948905946,0.494297628194109,0.608914044607592,0.621400373238633,0.661822092978065,0.624609454371305,0.724124283565737,0.678454947459546,0.589198639207597,0.50374756713536,0.581179383740541,0.540486180240871,0.556451576922014,0.71168823626204,0.83519286545326,0.684822835289967,0.787037706652711,0.585771301899281,0.570937713140099,0.496696603262195,0.593590430341503,0.631328433703274,0.741229771320624,0.577103411863636,0.580931314253076,0.605481667861515,0.655777800038082,0.668553170763757,0.594083969190094,0.606531815742473
"001_LalitaBhasya_segmented_complete",0.530376513136474,0,0.408022604492613,0.377613815886727,0.329405996698574,0.434829838383602,0.457281050717296,0.460300957469706,0.462903411846897,0.479471681562441,0.491765598703746,0.446558932976631,0.448714733670187,0.529377052918449,0.437521330033916,0.368103736609103,0.519187378739682,0.503446901625365,0.442953102308993,0.257831753483519,0.269351140680757,0.481034294984575,0.361687244117299,0.431608130713929,0.570150104512965,0.6214433149794,0.577488771292164,0.455044806596306,0.376000492458453,0.541924887743701,0.560363433055846,0.460420527647648,0.356514898659578,0.493479983855073,0.508494781351994,0.461961948652158,0.483003219791943,0.640469901694105,0.527755057076162,0.369921605191722,0.631367490945928,0.398127946088486,0.348319645665868,0.486018016577012,0.394931523492807,0.306098251637899,0.448816734261756,0.216271822986484,0.579291647580093,0.469949932347202,0.423523383005149,0.421655176839762,0.553326408414295,0.660988923852677,0.381529730272293,0.325522682144601,0.460883346692219,0.624704398666966,0.448714733670187,0.519187378739682,0.508562807387899,0.538059470055777,0.511860429842657,0.442495884028912,0.358311483018082,0.43023013088565,0.354312396376911,0.334840789246552,0.688247362557924,0.905189303214932,0.701058095367464,0.880011949005255,0.437791365942169,0.362499368894527,0.342389592920731,0.389257981625243,0.614524329591827,0.579670475682162,0.530206501380769,0.413474260203695,0.545779867898003,0.458136783931573,0.54637064306545,0.370389971034135,0.668646262937289
"002_Pseudosankara_Sanatsujatiya_segmented_complete",0.572139726150001,0.408022604492613,0,0.372844650432192,0.41472660139147,0.514201748347226,0.525281819201997,0.480262968379728,0.547012594929518,0.561858550675191,0.583711250673991,0.491249673217254,0.48350270936538,0.576799510414102,0.524011054853712,0.440885158636134,0.565717725342462,0.572997927223831,0.504751238020275,0.344324127429724,0.358845077326046,0.582951771540809,0.442852977971412,0.47761462847017,0.628026866463705,0.658170341798799,0.665033266823538,0.546959810010347,0.451359311087967,0.629708451473562,0.659819892150504,0.552466491893046,0.413486986889761,0.578144271515538,0.595508381622288,0.548545231005039,0.565539091058047,0.74868405951519,0.629758117716191,0.432282442800189,0.699868711427065,0.481894979688549,0.44064309428594,0.559727198259265,0.480466423034707,0.398738779030569,0.536694618583944,0.311336194289773,0.64448898338633,0.553430835041212,0.447938265194093,0.443444912210605,0.617131987563379,0.734590041901722,0.502967116152738,0.39857587423548,0.512714853844148,0.684520401538352,0.48350270936538,0.565717725342462,0.559788724907198,0.617595980956645,0.591515078272699,0.513272932887754,0.421400992496204,0.500390099888411,0.427351212379347,0.431026110469829,0.778891234872624,0.962765694024804,0.769446874392203,0.933105486247579,0.520926396129975,0.45731574001778,0.427217251704109,0.483340227471159,0.694054045762987,0.697108924309434,0.614125803369006,0.484399616647888,0.624737087085068,0.549381636786346,0.641504560149062,0.462780179970463,0.710834619211505
"003_Pseudosankara_SvUBh_segmented_complete",0.549860841312272,0.377613815886727,0.372844650432192,0,0.369891135802777,0.47381760343893,0.480483008810911,0.467447300427835,0.5177721767906,0.517423234549301,0.549218286346498,0.466721613502099,0.446534686564687,0.54310682617248,0.466093193534294,0.406485973135314,0.534696236182232,0.551660796919377,0.484178408817341,0.311865749262391,0.31579774579336,0.549357658033817,0.416419964497695,0.461476223760323,0.604139207543126,0.651462114574603,0.627686416839778,0.516624732100857,0.423590205633031,0.59950327653581,0.630329121429398,0.514932585522995,0.397230878118094,0.553138455780898,0.560245306651831,0.512453859212203,0.533830338536937,0.719388791803761,0.602405604177771,0.403951826968781,0.677542644451509,0.461996429677935,0.411034244326166,0.521858477149191,0.451139232902056,0.369310127698222,0.507206388049635,0.280185299522045,0.601731855214162,0.525195975477327,0.44463866721637,0.44099105379679,0.57298115168664,0.694277984455633,0.462862788389031,0.362092375747704,0.475234211444872,0.647034223912379,0.446534686564687,0.534696236182232,0.520648349872335,0.568148634397473,0.554443805248434,0.488523491247266,0.389016561000945,0.48030379822411,0.390018925673254,0.396883378035965,0.7430829154679,0.94884528731759,0.74402866768831,0.932386417759508,0.491309598532341,0.427331987928958,0.390931707896388,0.456529773490105,0.672146080469941,0.652219054897804,0.584582662650078,0.43436285700553,0.585267858767649,0.519653199231692,0.590026645953817,0.429101195179317,0.695583493552637
"004_Pseudosankara_Visnusahasranama_unsegmented_complete",0.547260732939249,0.329405996698574,0.41472660139147,0.369891135802777,0,0.435214339081852,0.461483772495068,0.466626357254665,0.484279051038389,0.471929614727312,0.515225586895871,0.453733329067541,0.439776411531553,0.514308967589019,0.437461920957389,0.384431081852127,0.505785508239057,0.525794173317084,0.449645893232483,0.27791820994222,0.28846964898237,0.508247779443083,0.370550436366072,0.439333908212527,0.576698709236206,0.622594229856452,0.59931682287073,0.473173578716669,0.393583515254655,0.575042819788223,0.604116544976026,0.477637178925888,0.361326968276708,0.501380359448544,0.523919130383622,0.485657208185672,0.502700270502375,0.697459810394194,0.56595670297567,0.360689946419005,0.64234825552575,0.417294677811837,0.371747933892005,0.495665175707445,0.405249509643028,0.326360761306088,0.467253888951897,0.238063185990802,0.596180582538448,0.486755612639917,0.44960410140897,0.445198844770232,0.549496304694186,0.669432264163924,0.429508728585084,0.328869142478552,0.457462135874475,0.616931890786742,0.439776411531553,0.505785508239057,0.502272082382721,0.530325836038279,0.534875799464966,0.453205398889105,0.36407412008471,0.457977847095423,0.356335116840727,0.362992412551199,0.71327376842881,0.947093070366465,0.733391559109966,0.913889881687595,0.444131771284008,0.385708310435687,0.350064002958467,0.411895960742936,0.633197061126954,0.631280768712988,0.548430672540565,0.417798980140632,0.564900455298424,0.483813019277002,0.571573241659601,0.383209099801473,0.684170695719596
"005_Sankara_Adhyatmapatala_segmented_complete",0.640527999285518,0.434829838383602,0.514201748347226,0.47381760343893,0.435214339081852,0,0.515505552638345,0.515770138964159,0.495859047086545,0.520536627217546,0.552224244854045,0.534281185744403,0.512653889980298,0.610031884077436,0.485874369074935,0.463260585332993,0.571979250508442,0.51554468970687,0.555935793374359,0.322763897630438,0.359064089149466,0.553852988165147,0.432283242730008,0.513124577944088,0.670287286216704,0.711107073417923,0.630484554556699,0.519152857894004,0.44576850296543,0.625327627938997,0.660555080187544,0.537154890734016,0.412883431482841,0.582140544801731,0.562655941970813,0.533352501308755,0.551560994974495,0.786712594182253,0.631317347993781,0.46571377719845,0.737575132578002,0.449833889684843,0.406121678581296,0.585636259838345,0.457243657931391,0.371288249052725,0.511186514429048,0.281868867657484,0.67868030819128,0.543958445560085,0.512771157608652,0.509237393090091,0.664037926897245,0.757673607545473,0.480608449033025,0.367488245501181,0.551887122985104,0.749355064728541,0.512653889980298,0.571979250508442,0.573276712928527,0.542191928663771,0.591585048459865,0.51242463365047,0.452791762429637,0.512883385916663,0.421858249052744,0.402713298246845,0.788135663650191,1.02987110558289,0.843324711602722,1.01124114265016,0.516326046003422,0.429252436284084,0.425820852287729,0.449164562373929,0.720515397029727,0.691438453453338,0.630614950022112,0.47133161897353,0.63028823614707,0.514886682196027,0.621464545066608,0.431155607131752,0.777413059662053
"006_Sankara_ AiUBh_segmented_complete",0.635146155545222,0.457281050717296,0.525281819201997,0.480483008810911,0.461483772495068,0.515505552638345,0,0.550662560385272,0.541185214538007,0.51747534684126,0.561647790930897,0.543663168599623,0.524205647502888,0.581624110701248,0.50896681277088,0.46746359836589,0.529668168508982,0.578990471153469,0.560598893295438,0.359228092968884,0.38661017104112,0.585268640066254,0.463286471284622,0.535776567315062,0.673103616052357,0.716810259911227,0.668319392908422,0.558839952144048,0.473747209815848,0.624819168304339,0.690616687835859,0.559271714749994,0.458276705127492,0.607251091052283,0.601705468357944,0.560823900181233,0.57566694571422,0.77594020397049,0.631665657256428,0.480801656802554,0.739008658144364,0.496753360812656,0.450704192822374,0.586917012521196,0.493143166545719,0.4132061265849,0.521762843399482,0.323551898758555,0.676554069897237,0.564332323064636,0.547766394755281,0.543510124425409,0.684822466461801,0.748019488216229,0.504927663910643,0.418122364155737,0.514565966400407,0.725997799166626,0.524205647502888,0.529668168508982,0.578909516048773,0.563840123683016,0.61674144240175,0.538370043588874,0.448858996855117,0.51888709926211,0.440935103633216,0.434935612540035,0.796668223018666,1.02519195529128,0.828722499122795,0.99913172126305,0.52300117745325,0.46647944239264,0.460630018219445,0.485036469061909,0.700338653814427,0.691378886669089,0.638597265192681,0.521546371761881,0.643410287472887,0.5583021895277,0.633691845865737,0.459750028200429,0.764843356445872
"007_Sankara_BhGBh_segmented_complete",0.564534313837539,0.460300957469706,0.480262968379728,0.467447300427835,0.466626357254665,0.515770138964159,0.550662560385272,0,0.55916644379166,0.561347811371077,0.604501045488366,0.451755283995723,0.48367666287846,0.539045936999469,0.516822244908767,0.48730860506073,0.572536734448762,0.637419305277397,0.520107399470998,0.400700898487618,0.397640372808126,0.634635607115541,0.47801060692158,0.434776392443766,0.646752221771705,0.658519990901445,0.695450413530935,0.601260814263364,0.486028087776746,0.640535177890919,0.671055923438861,0.580443696179008,0.456961389478091,0.588363014732889,0.634970689492132,0.592820873422481,0.601607888120629,0.746781632557671,0.665493542721808,0.467040043766244,0.707175328231093,0.532179831030578,0.4926686068202,0.574960682632119,0.52423540427782,0.452258637134707,0.575049915410801,0.366043884345152,0.633139633579284,0.585160085429199,0.44368784726001,0.441488952135793,0.64905638046079,0.711464350348253,0.54771574648022,0.448494594642724,0.459512383018556,0.665676504835076,0.48367666287846,0.572536734448762,0.565155162081203,0.626617694355815,0.622969175787642,0.54292644118017,0.45470298504386,0.514172896824279,0.465895751119328,0.479308784499194,0.765949043405556,0.927236910455267,0.72547067797905,0.886384761645035,0.556253956618899,0.493947489263282,0.458952891951116,0.524103572859799,0.669260112691076,0.718543546291503,0.607670335895348,0.554424894047906,0.634164104002533,0.598706903567551,0.65117493588046,0.510219017387924,0.696076531092871
"008_Sankara_IUBh_segmented_complete",0.680612582503743,0.462903411846897,0.547012594929518,0.5177721767906,0.484279051038389,0.495859047086545,0.541185214538007,0.55916644379166,0,0.570851406590636,0.593632923029716,0.560361814917354,0.531869653884081,0.632734348179851,0.534165880838335,0.489104478139841,0.586415566155212,0.597666242646879,0.58654328521888,0.357008063470514,0.386143473480512,0.594604315771111,0.462475141139596,0.556425290826348,0.701267139464365,0.747324129960578,0.671923095911751,0.536589532563864,0.490346290985433,0.647143011272758,0.709377872613778,0.566396375758599,0.456384990824364,0.6211664276968,0.616372124477094,0.565003977395591,0.568640969483058,0.831368260785195,0.667854513245477,0.497145643260971,0.778353207998086,0.489801504833724,0.442883801830332,0.598799893169906,0.48797420941596,0.400514727574606,0.535180010325592,0.313430016702096,0.715330109550551,0.587472534766482,0.558319057400067,0.554054729169242,0.709720821119511,0.785643203052188,0.500665085063216,0.42250831612739,0.592906771914242,0.799660772474732,0.531869653884081,0.586415566155212,0.621034312770096,0.614546295288296,0.624157970350877,0.525910514620572,0.490659727428765,0.549048959890644,0.469812764635317,0.431041432159548,0.837103742626066,1.05329501076863,0.874474508504949,1.02773866586455,0.539972017490478,0.466723622107812,0.452577557025706,0.485869992592363,0.761139439252226,0.752426817678205,0.677721291248341,0.531537278884166,0.682041497161471,0.563686645896427,0.682898860636954,0.474460166200759,0.808542184003858
"009_Sankara_KeUBh_segmented_complete",0.665886427480125,0.479471681562441,0.561858550675191,0.517423234549301,0.471929614727312,0.520536627217546,0.51747534684126,0.561347811371077,0.570851406590636,0,0.584404612868236,0.518808602833787,0.519415805987117,0.637016303323503,0.520030166379291,0.494451825397459,0.584621219099075,0.609851321272124,0.597902909164006,0.398642217949612,0.41601900155454,0.614151191021757,0.496206947504033,0.559439314014631,0.713765780430505,0.755050884956649,0.674516298727461,0.578425533072933,0.49421716491123,0.648495674209231,0.711230187768686,0.587292914200702,0.483169959218535,0.635281697203394,0.620784781737497,0.584700192642926,0.596153537877612,0.808021357743111,0.669957753505437,0.519580723948271,0.773003576601505,0.523426703248547,0.466519447562962,0.626467475419171,0.520404383713158,0.44224665503805,0.565109821283058,0.352725290363304,0.706452929748484,0.577311712484873,0.568577302866542,0.564280291704847,0.695956546468592,0.783659464664547,0.545606275114505,0.447845249708728,0.567414267890133,0.761816872133599,0.519415805987117,0.584621219099075,0.586523078577719,0.62169280257311,0.646364623449079,0.561907213875051,0.505812957897326,0.547719086677554,0.477953768268273,0.471227925913901,0.829195904363725,1.03055335853568,0.855684076104696,1.02564006687637,0.552901618085592,0.490090056536516,0.470038428483688,0.510905711973836,0.743281495236281,0.714396903015369,0.673908094546986,0.537015021700267,0.674903190790741,0.582779287883853,0.671971399336511,0.510163559458378,0.784272484662484
"010_Sankara_KeUBhVakya_segmented_complete",0.685910178787269,0.491765598703746,0.583711250673991,0.549218286346498,0.515225586895871,0.552224244854045,0.561647790930897,0.604501045488366,0.593632923029716,0.584404612868236,0,0.602976143327444,0.565377290129934,0.663450415878104,0.566451306394144,0.537794258134307,0.630187893579785,0.644686360397052,0.617134032005233,0.39952393129145,0.433483791976637,0.631916549548349,0.511024675344756,0.595832277642666,0.726181652413363,0.778892826261084,0.688683465364827,0.588991805672194,0.518991612275844,0.673086606340211,0.692606348374366,0.57714674492285,0.497808115823474,0.654620219938644,0.655861899213385,0.598747429435406,0.628417848632048,0.809720690068543,0.688421390265435,0.532104641464205,0.766967847363019,0.527776076119536,0.494216860855618,0.638611901975216,0.543773238848312,0.447988917805276,0.567701146503223,0.363171987488002,0.720995462306878,0.607451728927325,0.594798457645718,0.590117809378991,0.72714084588854,0.817625271034649,0.534073798470081,0.458720417859912,0.607104762768688,0.802405736413006,0.565377290129934,0.630187893579785,0.622173372719139,0.631004560674697,0.651228564137421,0.579655946443145,0.515184064120849,0.561315574705087,0.498230245765307,0.476672138606242,0.81801194627468,1.08325936251351,0.894006592101832,1.06189968294379,0.551708118524701,0.507230844990583,0.492220828980804,0.525904856246153,0.769825817552716,0.731442414189966,0.698912943483396,0.555330078606702,0.682924624977314,0.579681997282976,0.683611325558099,0.490654065075933,0.821414644928861
"011_Sankara_ChUBh_segmented_complete",0.538388735511996,0.446558932976631,0.491249673217254,0.466721613502099,0.453733329067541,0.534281185744403,0.543663168599623,0.451755283995723,0.560361814917354,0.518808602833787,0.602976143327444,0,0.474978476627338,0.507297327371706,0.515851810793784,0.448074149921311,0.547544126544447,0.621804238307567,0.504186259237166,0.391039843969511,0.371282040759681,0.615943505818248,0.472091441946206,0.468833475642943,0.639828814719488,0.652944918435026,0.693450176067983,0.590187022000413,0.480778506968157,0.642317124437778,0.669337235175769,0.578963520914305,0.448612498687535,0.568853830716964,0.631550513697541,0.586650778399263,0.597972833770564,0.722051580230812,0.679675191011761,0.460181268751941,0.692617531353168,0.526832791962311,0.480489086265711,0.575939893872692,0.522275621384747,0.439492433704414,0.558435898100827,0.35028520086606,0.618933904632828,0.573707320867916,0.488051004708232,0.485357023558647,0.637061823754146,0.674829959052757,0.538118075663567,0.449859018697419,0.369385128549448,0.573900761500824,0.474978476627338,0.547544126544447,0.497846114492709,0.64245574603916,0.646680399280711,0.531392466756351,0.43104488492137,0.518959841115678,0.446655042575231,0.46569301850545,0.737503476809955,0.907323818448596,0.68178826615492,0.88013061119245,0.532068339666686,0.487457776209378,0.436342598833351,0.513035074746317,0.678327092057807,0.719628562214057,0.607842210551898,0.537503772385454,0.61818092144754,0.582107474349105,0.643552322018501,0.497938837298653,0.689022460333516
"012_Sankara_KaUBh_segmented_complete",0.621400373238633,0.448714733670187,0.48350270936538,0.446534686564687,0.439776411531553,0.512653889980298,0.524205647502888,0.48367666287846,0.531869653884081,0.519415805987117,0.565377290129934,0.474978476627338,0,0.54304185205948,0.480138591931271,0.463801413097107,0.551601495311137,0.61032882677115,0.552592902660127,0.367635674973849,0.382244748395911,0.587664915894775,0.452122771470228,0.518142523390965,0.649580451146051,0.691015744317081,0.666484724019912,0.557499447293781,0.46252577126786,0.647102265175408,0.686757474881213,0.562224391281029,0.445840862793986,0.600570948066267,0.590345625848436,0.563565144954424,0.563384450409315,0.783285622656648,0.653329029961322,0.475524034015809,0.746124421336865,0.517083720802536,0.452504801845476,0.561919526443898,0.485726767350054,0.412297892005179,0.541540725734286,0.326355968637074,0.655867359765795,0.558663262418534,0.502940812317565,0.499255887432417,0.64490739106146,0.735531323056647,0.495888139305592,0.419683814826009,0.526198937104686,0.73085074429547,0,0.551601495311137,0.543988282034117,0.598564502269942,0.59939995880939,0.503491539479648,0.455920710966805,0.506907423132459,0.422877483742181,0.442351879364053,0.793027993079773,0.995619307898735,0.801073655339952,0.971590392023484,0.515388416509276,0.459340648561886,0.437721095546291,0.494065437635137,0.707404296996748,0.718234928700466,0.646480136929313,0.520020501718352,0.64296647517091,0.568759348600789,0.62304525531959,0.471103053352404,0.737751317054142
"013_Sankara_ManUBh_segmented_complete",0.620769610868842,0.529377052918449,0.576799510414102,0.54310682617248,0.514308967589019,0.610031884077436,0.581624110701248,0.539045936999469,0.632734348179851,0.637016303323503,0.663450415878104,0.507297327371706,0.54304185205948,0,0.581109928881068,0.530916321798758,0.616083844687097,0.672800401392988,0.587516842448125,0.46632734569503,0.458853022889921,0.692533687132874,0.542908038747784,0.563731766633873,0.690962429058272,0.720262703679374,0.746771967017389,0.634228942986856,0.54452363370882,0.696800326048756,0.721561154805708,0.638093848153163,0.50926055277361,0.615575468062548,0.688152149380304,0.644490304788332,0.654529535522166,0.804723115233814,0.72381199644124,0.546754809352007,0.74947162221379,0.594040277005599,0.554523510813685,0.635206013914932,0.574283672656666,0.516893529469035,0.612758347384192,0.427120266930976,0.695813198249087,0.644602225753945,0.597451908377523,0.594064384001205,0.69290655778245,0.763841263137651,0.608611679794257,0.5225309750398,0.51195378149284,0.69802222836974,0.54304185205948,0.616083844687097,0.575838804501132,0.672490115602844,0.704403401204622,0.604180605678523,0.501322239226382,0.574907511522621,0.512594253149111,0.53869793557012,0.78989701355699,0.972600927480778,0.812369812094717,0.945232566271812,0.592520424152291,0.550309285220952,0.517717353540633,0.589052902349689,0.725794849703659,0.765965948394194,0.68680877608578,0.593965402683948,0.639808575564834,0.64829211403648,0.689166825266817,0.545594110216816,0.760501249936408
"014_Sankara_MunUBh_segmented_complete",0.645298814767588,0.437521330033916,0.524011054853712,0.466093193534294,0.437461920957389,0.485874369074935,0.50896681277088,0.516822244908767,0.534165880838335,0.520030166379291,0.566451306394144,0.515851810793784,0.480138591931271,0.581109928881068,0,0.459321424377064,0.546425408069867,0.582405753448282,0.556934192096115,0.352429058676068,0.381802285482034,0.58357455660021,0.4613206333857,0.509549678705446,0.67481732200986,0.718869003602534,0.66241944365141,0.535817658139684,0.465839006629594,0.629601149196898,0.685939845858729,0.536729325719429,0.456941471287913,0.599353954911444,0.583938094693414,0.557957825660178,0.558715514894027,0.782188169948373,0.634001524255833,0.474396956838653,0.751668273762592,0.493583716156585,0.446671310211121,0.582195298930446,0.478559399179881,0.398635236188944,0.527953862695667,0.31492010229399,0.67180418318657,0.561866076987812,0.527625537065669,0.52546534581104,0.670565150859476,0.762896075757231,0.495868393803901,0.410579036905264,0.541535377183472,0.763213923333492,0.480138591931271,0.546425408069867,0.559561489025505,0.587803816644876,0.604483339730001,0.535403849563436,0.460665510916306,0.518762415007997,0.445843758961764,0.431020429242155,0.812479174233928,1.02847854226053,0.836611799359228,1.00262698822702,0.535618326849268,0.445650666049672,0.443539277493097,0.47879200555348,0.731273180187776,0.69436489602519,0.653156089842175,0.515501655288234,0.655408791905838,0.544951993552706,0.645308103173957,0.458673443629395,0.774148667072722
"015_Sankara_NrsTBh_segmented_complete",0.563863132013888,0.368103736609103,0.440885158636134,0.406485973135314,0.384431081852127,0.463260585332993,0.46746359836589,0.48730860506073,0.489104478139841,0.494451825397459,0.537794258134307,0.448074149921311,0.463801413097107,0.530916321798758,0.459321424377064,0,0.515428654898123,0.543383638881845,0.47174802893997,0.282165324167443,0.293336185550584,0.511285807616567,0.392499493875681,0.45386990644459,0.605477237612574,0.643374027904823,0.605236381939662,0.48838003383178,0.40328287887071,0.577681494833093,0.602781776067209,0.494290744590112,0.375981883483733,0.538932256680382,0.536120436108286,0.48380810036792,0.504024833523049,0.721391049456522,0.594766044780284,0.403736288077745,0.679271945133615,0.431615804562237,0.368852449315809,0.529639946063191,0.418221646954736,0.330762540016724,0.470754253681118,0.239524231280333,0.60625634296101,0.498030633875488,0.461787816664989,0.457474689100827,0.604939975220497,0.652595541353984,0.441116520231052,0.349713754813675,0.476298595115139,0.657863024804263,0.463801413097107,0.515428654898123,0.519929755167175,0.564988790037558,0.557118430206897,0.470955915514102,0.393418714979624,0.467785066030551,0.380943413402261,0.365213238307643,0.727760141064779,0.943509260816986,0.740125709774926,0.903152638143618,0.457394976792649,0.390919242125957,0.375220202598205,0.420467188280439,0.659184601745575,0.657493485412743,0.566392841939222,0.442005665336597,0.588987117164778,0.485177339334351,0.580497791016824,0.400173202369366,0.705072510114915
"016_Sankara_PrasUBh_segmented_complete",0.661822092978065,0.519187378739682,0.565717725342462,0.534696236182232,0.505785508239057,0.571979250508442,0.529668168508982,0.572536734448762,0.586415566155212,0.584621219099075,0.630187893579785,0.547544126544447,0.551601495311137,0.616083844687097,0.546425408069867,0.515428654898123,0,0.626939421916497,0.594894101207277,0.411214289318598,0.428160057972229,0.627013781130307,0.503454741271406,0.572133264968259,0.715737050231178,0.754622435342239,0.695337645937934,0.601460047880642,0.511965014844728,0.683717359615496,0.718118117734175,0.604947908878187,0.50394514384364,0.647743038676174,0.638409327127225,0.601276478079414,0.617107376041926,0.835398618668514,0.690526544212041,0.507019410609083,0.79075765732096,0.54446710279832,0.498600616264369,0.624636185887178,0.528892291028087,0.462417935948024,0.573150000106276,0.376909061705727,0.711665413454024,0.604950873373207,0.574379082896563,0.571501422923194,0.699576212552668,0.802394592523597,0.556968953709234,0.462195774715041,0.562947578696273,0.755369967149742,0.551601495311137,0,0.59141643309361,0.65542460215982,0.664578146867521,0.56854157541952,0.505982430000512,0.588845580908681,0.49453605170737,0.491793719659914,0.837498604549695,1.05777689971717,0.876442160282762,1.03896047881655,0.549574273630798,0.502609419690907,0.493453597217671,0.531528217456225,0.759760510894283,0.74797151549177,0.693821897452199,0.561743992219984,0.682971896566648,0.593926704530338,0.679373282709729,0.526517029545612,0.77919097880998
"018_HastaBh_HastaBh_segmented_complete",0.707166380973289,0.503446901625365,0.572997927223831,0.551660796919377,0.525794173317084,0.51554468970687,0.578990471153469,0.637419305277397,0.597666242646879,0.609851321272124,0.644686360397052,0.621804238307567,0.61032882677115,0.672800401392988,0.582405753448282,0.543383638881845,0.626939421916497,0,0.612482358839409,0.391695490762331,0.431109013332561,0.602517613852779,0.513840493598511,0.594128403017716,0.724607732626324,0.774865224437035,0.701644876456176,0.574786100754671,0.52797123044471,0.683421135402757,0.724818568398486,0.602483105007786,0.498551194141868,0.648862478781323,0.633917149411243,0.602370266220627,0.62729802889448,0.835968468208479,0.69543427062949,0.530741293168999,0.798519262863932,0.526184801012287,0.483522638736736,0.640140450715158,0.535568589481868,0.447153959161244,0.554767174190841,0.355510822635278,0.740181225782386,0.628121435567468,0.61648696583193,0.612195711854696,0.725943225582028,0.810272456909907,0.550520365234066,0.447575469235316,0.63518543524534,0.819993389017226,0.61032882677115,0.626939421916497,0.661969785899148,0.659077945598231,0.673386813673483,0.580673536015286,0.53080502086396,0.580695820371577,0.502705288015206,0.468331704041484,0.845748302671842,1.05334560627733,0.906739502972662,1.07207338792495,0.573738020366911,0.513524316082235,0.501179208105904,0.511049033038771,0.774420555349461,0.747209867206091,0.701635139528814,0.543224504476989,0.68019710792381,0.58256766757116,0.677788440441689,0.474389667430606,0.848692152135108
"Abhinavagupta_IsvPrV_segmented_complete",0.514935304163999,0.442953102308993,0.504751238020275,0.484178408817341,0.449645893232483,0.555935793374359,0.560598893295438,0.520107399470998,0.58654328521888,0.597902909164006,0.617134032005233,0.504186259237166,0.552592902660127,0.587516842448125,0.556934192096115,0.47174802893997,0.594894101207277,0.612482358839409,0,0.370197384351598,0.33752340611427,0.582721612192194,0.444947822983534,0.481830818471779,0.570958925539157,0.599914681904303,0.630986448373547,0.545586650423881,0.435432065465589,0.591112423131128,0.56155690165243,0.497481061750022,0.416791467462355,0.489148130745601,0.595350173487352,0.539610507597171,0.567852476217818,0.634372957350105,0.640308713649748,0.429984237680662,0.61130108762015,0.504950452029748,0.454168750603066,0.560190415798348,0.487773111550492,0.420333875545868,0.529782513641841,0.332229786703803,0.566646256980129,0.5534072899516,0.491553867530525,0.488452540642058,0.644042017312104,0.655126988888858,0.519226578179579,0.434365230389462,0.487898116834865,0.647741173401532,0.552592902660127,0.594894101207277,0.570540588110417,0.634315283616524,0.605167615935536,0.512675548686378,0.42566072946098,0.499401695606371,0.436838047162774,0.437786646701911,0.660958563197836,0.796239062011683,0.659490253953159,0.774954321429491,0.499916236412018,0.467290411702951,0.415067948638408,0.501584148521416,0.621704488571609,0.678958263062151,0.527028761779716,0.500574808592313,0.53374746989674,0.561006228212993,0.584244984461818,0.465037436410075,0.64586822636762
"Abhinavagupta_Paramarthasara_segmented_complete",0.483160537497248,0.257831753483519,0.344324127429724,0.311865749262391,0.27791820994222,0.322763897630438,0.359228092968884,0.400700898487618,0.357008063470514,0.398642217949612,0.39952393129145,0.391039843969511,0.367635674973849,0.46632734569503,0.352429058676068,0.282165324167443,0.411214289318598,0.391695490762331,0.370197384351598,0,0.162247149803089,0.350812065448401,0.244212279000989,0.359713721319907,0.488570594672352,0.534161019582128,0.471356158090809,0.334102942827595,0.270854294882622,0.440690574702517,0.494135943451766,0.350368679354926,0.236661783896303,0.407401845479483,0.387880414322265,0.348443600793275,0.375118720906725,0.624734913228797,0.460218775955367,0.276557977663183,0.590829575458541,0.278189263783456,0.214379264617157,0.402920189455796,0.263237852211735,0.166123014513572,0.316330951441446,0.0811502364637349,0.520616055946787,0.37165921257173,0.353901306318854,0.34963281118298,0.507263841201611,0.58347757768415,0.290864184991606,0.190279068630839,0.416581070476538,0.60675168062679,0.367635674973849,0.411214289318598,0.445626652553954,0.430149081082947,0.419823525381352,0.327177503816208,0.276103730652922,0.337935756510416,0.256108534959529,0.202596117152354,0.631693279880717,0.881007467658716,0.680016211303666,0.85235262983619,0.321589245128785,0.24740753711813,0.242019264034467,0.264137004092114,0.549463840801077,0.544611265394045,0.472414952090319,0.297611199153301,0.464858584726621,0.328546621615553,0.453841518629888,0.243169248231082,0.61303157143618
"Abhinavagupta_Tantraloka_segmented_complete",0.451077658770291,0.269351140680757,0.358845077326046,0.31579774579336,0.28846964898237,0.359064089149466,0.38661017104112,0.397640372808126,0.386143473480512,0.41601900155454,0.433483791976637,0.371282040759681,0.382244748395911,0.458853022889921,0.381802285482034,0.293336185550584,0.428160057972229,0.431109013332561,0.33752340611427,0.162247149803089,0,0.394904949596989,0.252340995022155,0.364158727228863,0.480276827538265,0.504248952673813,0.487349563339622,0.370912885484084,0.273702720711218,0.462462379847088,0.491873121971864,0.373179727097532,0.252645549719525,0.398635865789624,0.426482409961589,0.363034579433412,0.401733605756855,0.590172116457332,0.48880842489749,0.269208392125045,0.566207679696432,0.310421844461247,0.252474864311549,0.411217544770058,0.297035473336183,0.21258528599096,0.349297623954416,0.121305689583427,0.510436784599208,0.390382548580719,0.354312256051355,0.349114933059654,0.51652331134705,0.542755206446895,0.322969183921707,0.234899351290909,0.375409056035589,0.561885284241382,0.382244748395911,0.428160057972229,0.451556220384269,0.458758232324136,0.451504271907094,0.347480499353376,0.262218256750675,0.350330398841347,0.26518483175621,0.244170589543171,0.608717945098678,0.831023812681244,0.622062336346938,0.799155378116719,0.3480753480604,0.26960818388983,0.24647492919043,0.301462885130566,0.54207106142027,0.553307845879353,0.453991554066474,0.331243505699798,0.458779504105735,0.371386615113702,0.466500101225827,0.280184066114409,0.577873935540723
"Annambhatta_Tarkasamgraha_segmented_complete",0.697695240802542,0.481034294984575,0.582951771540809,0.549357658033817,0.508247779443083,0.553852988165147,0.585268640066254,0.634635607115541,0.594604315771111,0.614151191021757,0.631916549548349,0.615943505818248,0.587664915894775,0.692533687132874,0.58357455660021,0.511285807616567,0.627013781130307,0.602517613852779,0.582721612192194,0.350812065448401,0.394904949596989,0,0.460680265967613,0.589010065182595,0.697382144738998,0.745591963191996,0.670297129188567,0.51435824706856,0.491660990115068,0.659067427133166,0.688711673423451,0.563246003950696,0.466223433498655,0.6155765004312,0.598254380415924,0.551070254112876,0.599373813123534,0.815828587667916,0.674373824916282,0.509631453787913,0.797274854985214,0.494488344047509,0.440726417541717,0.626182264603956,0.488566347893979,0.398074319039581,0.538917960412211,0.312636518711755,0.740587484080039,0.544721266215686,0.59084014883668,0.586142150451098,0.735709259308357,0.80130961316728,0.492407869692691,0.432596524614193,0.63950204115899,0.827149688194189,0.587664915894775,0.627013781130307,0.66335958110665,0.660733168432854,0.580612273816706,0.551915794985237,0.505684749461055,0.560394721117856,0.482160073479777,0.440812146020534,0.819255941250466,1.0589579257099,0.89804763601149,1.03885515348431,0.539411617937568,0.468645762750671,0.470397262258646,0.486849029138422,0.742336222569662,0.744762029216975,0.675196328236976,0.53503103362133,0.677746839478874,0.53299974834874,0.660117594681572,0.474462939426089,0.814475801168887
"Asanga_Abhidharmasmuccaya_segmented_complete",0.532805520166209,0.361687244117299,0.442852977971412,0.416419964497695,0.370550436366072,0.432283242730008,0.463286471284622,0.47801060692158,0.462475141139596,0.496206947504033,0.511024675344756,0.472091441946206,0.452122771470228,0.542908038747784,0.4613206333857,0.392499493875681,0.503454741271406,0.513840493598511,0.444947822983534,0.244212279000989,0.252340995022155,0.460680265967613,0,0.446345480543264,0.550269926628993,0.553312213604324,0.558327069225131,0.440284231099247,0.359167388126518,0.532301538369828,0.585165816618036,0.453087911299312,0.297777211768785,0.463227258478325,0.49403473175948,0.44722411651158,0.468498457929953,0.703213030727527,0.555095983561302,0.36255412100241,0.665415814715144,0.394075370527166,0.332844007429889,0.47820561871347,0.348678896044767,0.272156742180846,0.423348110394361,0.197021849851863,0.590664307124099,0.464506500953395,0.433950411190537,0.429525942977439,0.594135641929527,0.650667286973512,0.40170974380118,0.308804967942409,0.489248580617429,0.682626819841681,0.452122771470228,0.503454741271406,0.536277083435185,0.537350631611187,0.513187834649386,0.380929999432219,0.364729734467181,0.433513445404626,0.355134089357825,0.331611174386614,0.705103565823569,0.926662014360319,0.742228186728013,0.888382343307388,0.378467675679631,0.278761175832251,0.273463274986555,0.372525054112642,0.594266796574998,0.640742792844872,0.536428327936203,0.403740829966589,0.551162869725112,0.449452181044499,0.563062548597166,0.365151487715152,0.64166219255728
