"","000_vivarana_unsandhied","001_LalitaBhasya_segmented_complete","002_Pseudosankara_Sanatsujatiya_segmented_complete","003_Pseudosankara_SvUBh_segmented_complete","004_Pseudosankara_Visnusahasranama_unsegmented_complete","005_Sankara_Adhyatmapatala_segmented_complete","006_Sankara_ AiUBh_segmented_complete","007_Sankara_BhGBh_segmented_complete","008_Sankara_IUBh_segmented_complete","009_Sankara_KeUBh_segmented_complete","010_Sankara_KeUBhVakya_segmented_complete","011_Sankara_ChUBh_segmented_complete","012_Sankara_KaUBh_segmented_complete","013_Sankara_ManUBh_segmented_complete","014_Sankara_MunUBh_segmented_complete","015_Sankara_NrsTBh_segmented_complete","016_Sankara_PrasUBh_segmented_complete","018_HastaBh_HastaBh_segmented_complete","Abhinavagupta_IsvPrV_segmented_complete","Abhinavagupta_Paramarthasara_segmented_complete","Abhinavagupta_Tantraloka_segmented_complete","Annambhatta_Tarkasamgraha_segmented_complete","Asanga_Abhidharmasmuccaya_segmented_complete","Bhaskara_BhGBh_segmented","Candrakirti_Bodhisattvayogacaracatuhsatakatika_segmented_complete","Candrakirti_Prasannapada_segmented_complete","Dharmakirti_Hetubindu_segmented","Dharmakirti_Nyayabindu_segmented","Dharmakirti_Pramanavartika_segmented_complete","Dharmakirti_Vadanyaya_segmented","Gangesa_Tattvacintamani_segmented","Jayarasi_Tattvopaplavasimha_segmented_complete","Kamalasila_Bhavanakrama_segmented_complete","Kamalasila_Madhyamakaloka_segmented_complete","Kavirajayati_Samkhyatattvapradipa_segmented_complete","Kumarila_MimSV5.4-9_segmented","Kumarila_Tantravartika2.2.1-4_segmented","Madhusudana_Advaitasiddhi_segmented_complete","Madhusudana_Siddhantabindu_segmented_complete","Madhva_Anuvyakhyana_segmented_complete","Mandana_Brahmasiddhi_prose","Mandana_Karikas_complete","Mandana_Vibhramaviveka_segmented_complete","Mathara_Matharavrtti_segmented_complete","Nagarjuna_MMK_segmented_complete","Nagarjuna_SuSapt_segmented_complete","Nagarjuna_VigV_segmented_complete","Nagarjuna_YuktSast_segmented_complete","Padmapada_Pancapadika_segmented_complete","Prasastapada_Padarth_segmented_complete","Ramanuja_BhGBh_segmented_complete","Ramanuja_Sribhasya_segmented_part","Ramanuja_Vedarth_segmented_complete","Sabara_MimSBh_segmented_1_7","Sadananda_Vedantasara_segmented_complete","Samkhyaparibhasa_segmented_complete","Sankara_BAUBh_segmented_complete","Sankara_bsbh_unsandhied","Sankara_KaUBh_segmented_complete","Sankara_PrasUBh_segmented_complete","Sankara_TaittUBh_segmented_complete","Sankara_Upad_Gadya_segmented_complete","Sarvamatasamgraha_segmented_complete","Sthiramati_Tvbh_segmented_complete","Suresvara_BAUBhV_segmented_Arthabhaga_Ajatasatru_Maitreyi","Suresvara_Naiskarmyasiddhi_segmented_complete","Suresvara_TaittUBhV_segmented_complete","Totaka_Sruti_segmented_complete","Udayana_Nyayakusumanjali_segmented_complete","Udayana_Nyayavarttikatatparyaparisuddhi_segmented_1.1_1.2","Vacaspati_Bhamati_segmented_complete","Vacaspati_Nyayasutravarttikatatparyatika_segmented_complete","Vasubandhu_AbhidhKBh_segmented_complete","Vasubandhu_Madhyantavibhagakarikabhasya_segmented_complete","Vasubandhu_MahaySABh_segmented_complete","Vasubandhu_VimsatikaKVr_segmented_complete copy","Vatsyayana_Nyayasutrabhasya_segmented_complete","Vedantaparibhasa_segmented_complete","Venkathanatha_Nyayaparisuddhi_segmented","Vijnanabhiksu_Samkhyasara_segmented_complete","Vimuktatman_Istasiddhi_segmented","Yamuna_ Isvarasiddhi_segmented","Yamuna_Atmasiddhi_segmented_complete","Yamuna_Samvitsiddhi_segmented_complete","Yuktidipika_segmented_complete"
"000_vivarana_unsandhied",0,0.578708288695257,0.667871439116832,0.587041142871308,0.543189223346211,0.699190495939321,0.657804103723903,0.55358498754211,0.739995135896049,0.707869892390647,0.774645336480522,0.541615021291907,0.641056555238366,0.642484923490754,0.638847167331519,0.575508343663322,0.757647246764929,0.944281625868487,0.525461281476319,0.587496554171879,0.509910573007832,0.858919326008312,0.547439966638686,0.512095171565468,0.62065303659227,0.726201371648164,0.850252462273955,0.896549538438705,0.517810603066329,0.782777218090113,0.801016768928214,0.665560285183984,0.562824249219164,0.641454824988659,0.663865443297181,0.699918416827391,0.792752103353843,0.731625644083495,0.895901026578373,0.521728983241965,0.634384190404594,0.718204366841652,0.709410005130149,0.691553302658457,0.65479460342916,0.701598985002804,0.81890221705469,0.573750187675882,0.528912605358818,0.671413644374616,0.58778983739761,0.586403646373965,0.745553723748556,1.01414750160593,0.805110148096519,0.695558280868686,0.523097520763559,0.560955492118721,0.641056555238366,0.757647246764929,0.636917231471148,0.798628965311187,0.780156741423137,0.590670336507181,0.532344024498816,0.657801549573684,0.586120535853184,0.795681586910859,0.814251441712192,1.03567691135625,0.656387510952563,0.791593748476723,0.654304884505715,0.753520990094507,0.576506064667831,0.694744904198806,0.543702565793288,0.780733513738231,0.601755784959881,0.655435204316317,0.663312477533489,0.874265329118517,0.787497755596366,0.782920699334054,0.651879446976787
"001_LalitaBhasya_segmented_complete",0.578708288695257,0,0.494293792756242,0.41938516429923,0.321774815945076,0.528428028846462,0.513339820951982,0.531984489750455,0.590095862886993,0.593036842792766,0.571299451120989,0.503127898192348,0.50204343849361,0.619417762422058,0.533081246516015,0.373665350586276,0.67681000251477,0.793642285190462,0.47771548147131,0.318572994712714,0.305990178827386,0.617134545940163,0.383593141505874,0.480608864784941,0.608639598267056,0.767377227677791,0.822878570072908,0.686332949279739,0.404841229121612,0.75430893588815,0.736165151063767,0.625162080033602,0.396777001818336,0.592731335662648,0.527579922260432,0.535254398682352,0.709198423342888,0.72597795671729,0.695331172324261,0.396599935935055,0.65967142691809,0.495081829962762,0.463810502042044,0.58105134395986,0.448672897592603,0.426214500330563,0.676599890121034,0.293127567165755,0.583707405080776,0.547335931564178,0.432146471554848,0.430103079359097,0.624958432982776,0.999139566407583,0.495989466750263,0.434422326182572,0.552041472449211,0.670453559684823,0.50204343849361,0.67681000251477,0.582552554306298,0.668530515310456,0.690315437153891,0.451981827433178,0.422389695241603,0.556513406196017,0.397666760872447,0.578850335332269,0.856111485484076,1.105929574609,0.686259413077071,0.911761253149774,0.579090873080057,0.536164293012219,0.424246615659062,0.522491090503917,0.59137525518637,0.667174998839603,0.622570235383526,0.451685223090144,0.675195710621374,0.696207006205322,0.750123732128983,0.522470567053563,0.754760453759845
"002_Pseudosankara_Sanatsujatiya_segmented_complete",0.667871439116832,0.494293792756242,0,0.444317522619242,0.482916605440988,0.632291890875887,0.569294564116107,0.546007174347569,0.668226957997613,0.66759743395956,0.722640159690113,0.521365543930447,0.517187968231873,0.645245003103148,0.645154590710487,0.522822849791706,0.712099504381704,0.812295823896232,0.609994184920606,0.438246205953695,0.444004802581924,0.771491370872988,0.505047675340251,0.506734746102725,0.753272561546087,0.857675583777392,0.978239476780937,0.82711406780287,0.533684097685387,0.889043877082051,0.950525579074893,0.769149914584991,0.47347900713309,0.731036666986999,0.648624224936671,0.6828954000598,0.835603085969008,0.905880109772017,0.855725882510613,0.525193587537156,0.809094826818498,0.612045735042453,0.596493914134066,0.680026128353429,0.573548284546897,0.568782645816926,0.812159649665414,0.440923876297788,0.713893931645594,0.67540245200153,0.485231981318669,0.486085477699579,0.700731528413082,1.13188732844656,0.736128215550688,0.529331065214798,0.626742656329837,0.760626665839045,0.517187968231873,0.712099504381704,0.649984387743422,0.746342196650656,0.792720066197003,0.587418295568845,0.510934051035796,0.628353306383439,0.462832101903228,0.709586651816074,1.02218436723435,1.24902063322409,0.811768797145236,1.04714212772821,0.697395697770234,0.684696729374032,0.569426709661263,0.659641859338107,0.702366273239586,0.798929790057465,0.756561459306954,0.574663900837303,0.82889761367421,0.820099779684637,0.86044768732715,0.661765922139937,0.84317680755655
"003_Pseudosankara_SvUBh_segmented_complete",0.587041142871308,0.41938516429923,0.444317522619242,0,0.393483075461789,0.568945856885292,0.51147539665629,0.517061479807784,0.661042883728948,0.637972589575777,0.632223656245642,0.490349521976062,0.47919387628855,0.580548827160447,0.546175689847697,0.428585506857185,0.694510339465488,0.818821400969958,0.526400872822458,0.412100867316807,0.386517094285227,0.704609545250066,0.457093557019908,0.465085939585022,0.654489864968769,0.797250540017014,0.899208567910329,0.756657656503997,0.481051471856506,0.826589947965572,0.843863702759898,0.679548424298058,0.449870553817487,0.674840525066334,0.566954590825169,0.620804376788047,0.753496785026635,0.814735549577644,0.782949738485927,0.501236659802352,0.699742350645401,0.600543552109721,0.56376224870991,0.587483024379666,0.526546200957746,0.519013290247734,0.74769115821255,0.390859839035765,0.622977239343996,0.598441195247972,0.438480164085382,0.438315002948758,0.64041120402378,1.03973604985576,0.672475084464637,0.478018375416273,0.5184665579611,0.657871742740725,0.47919387628855,0.694510339465488,0.551648189548441,0.649187526418523,0.732367450238206,0.513044863667146,0.423728936476888,0.588116421756842,0.412186179234358,0.656709775125412,0.912370054448703,1.16974633555556,0.703900654126014,0.935172454918142,0.636074621630268,0.602407336960468,0.491696119626125,0.625088341182902,0.615973089542704,0.751643735623595,0.704776202550316,0.458896173152531,0.739943085607792,0.791431420523157,0.789125359186187,0.608428967344536,0.750485981534542
"004_Pseudosankara_Visnusahasranama_unsegmented_complete",0.543189223346211,0.321774815945076,0.482916605440988,0.393483075461789,0,0.496566866342039,0.509124597032928,0.493399513905123,0.547496367636677,0.542489610133409,0.5729252871491,0.434254814668591,0.399488303758259,0.560922525588041,0.483400062405517,0.349508985303894,0.554043590574993,0.750860205978183,0.442354052367403,0.281412797381033,0.267324522055302,0.579720130164857,0.292740527929165,0.413492413307701,0.58497545925309,0.692523369783991,0.785599251577191,0.615566428240098,0.368142037113094,0.725541876280122,0.752918289218906,0.576311451304975,0.338262219853932,0.548514136906771,0.464008865784793,0.490713076552242,0.685353731271384,0.758645316414632,0.710780039591487,0.351978398446834,0.640782060232645,0.452483945966081,0.412461873522925,0.545754275332478,0.390113346377588,0.371842074630515,0.644268498325561,0.24503288095743,0.548277538424137,0.505617080893243,0.418695669026761,0.417127913799174,0.604815022478895,0.93212020362197,0.533087497754031,0.330277751107102,0.495149317985147,0.63445766986189,0.399488303758259,0.554043590574993,0.470569077972587,0.612812289426912,0.67030190621551,0.397044632809223,0.370217475754814,0.522503858005076,0.323911322429056,0.546323132792674,0.821300725538785,1.13137404676248,0.692187184094281,0.929038751049302,0.52027546720134,0.46152803355544,0.349731762644396,0.472811570515981,0.544352666215443,0.7005409846299,0.602834675439917,0.395436400931135,0.64663036207023,0.668908688317195,0.716708370381213,0.44922118707236,0.721832194580623
"005_Sankara_Adhyatmapatala_segmented_complete",0.699190495939321,0.528428028846462,0.632291890875887,0.568945856885292,0.496566866342039,0,0.548759829432501,0.615406694523116,0.596337351180422,0.598276767448224,0.615384248574669,0.580873586532538,0.606086321203495,0.708473730769951,0.536687039089271,0.503413925699508,0.67393231555175,0.785201515419089,0.668296055948879,0.42235123743855,0.436159115288391,0.690176174144598,0.4871943949226,0.573737058612401,0.77572452644613,0.878912222154591,0.870320737402885,0.804007180457254,0.478452055037204,0.838649414902558,0.890980582013385,0.690609538080868,0.515132087109471,0.745675009271116,0.53925629371317,0.62912418556645,0.830281938302117,0.887238064606529,0.831503998573626,0.522996342320001,0.81489173970898,0.556381594063116,0.566789452870274,0.707175296571532,0.538659019170416,0.512908564178153,0.744952685368497,0.374497139943116,0.704296729754367,0.67905864741211,0.576684358117396,0.575083666066768,0.763799024097836,1.10369177470374,0.656865529660443,0.520494194731118,0.647826996350943,0.793646896893347,0.606086321203495,0.67393231555175,0.646720618503394,0.660953980451096,0.759312403149884,0.550135958014487,0.535268320542067,0.687390682902905,0.477041201104869,0.619350556059227,0.962983948399538,1.2950972551602,0.886351097310271,1.0901325385043,0.702542635415904,0.558260488868101,0.551949457824762,0.554556327861861,0.736645493403578,0.78285725502963,0.730385229170337,0.521213222904612,0.762613245157687,0.761687728667452,0.836189435344412,0.622837095687542,0.907633866368045
"006_Sankara_ AiUBh_segmented_complete",0.657804103723903,0.513339820951982,0.569294564116107,0.51147539665629,0.509124597032928,0.548759829432501,0,0.569259489943424,0.618796786201505,0.577328909542461,0.649450061985792,0.543186775476095,0.525696836618018,0.633130965935494,0.542785599564344,0.507262187784886,0.62128117224375,0.724217529293803,0.616718871246361,0.438569467569609,0.440825021834216,0.726341707883805,0.485422420371085,0.550806562286321,0.724223127722088,0.844542200643683,0.86103084889036,0.814703886721518,0.508842390590266,0.839440374973694,0.901646277636554,0.68133798229388,0.522469081439771,0.722849530371311,0.602318875594229,0.62690319074599,0.77956588324641,0.837368613346662,0.834785240143232,0.505250513132452,0.786667480726464,0.577580018306808,0.577246777165504,0.723767353619189,0.549098937696953,0.535928308650651,0.74839698933808,0.412060967057158,0.652379124675759,0.712161475737143,0.578733692449082,0.57833240007298,0.750718533081024,1.08127879265206,0.687521835824135,0.518250861968196,0.510721102273183,0.733268523036539,0.525696836618018,0.62128117224375,0.624211591086648,0.65066072974434,0.809474350158201,0.544368195995277,0.456479107749962,0.637614036340871,0.466097685625083,0.683235507740575,0.959597899026236,1.20407459942296,0.826356989673844,1.02319802762549,0.623982401386528,0.644264884077444,0.56891210481257,0.575923457014864,0.658945984056344,0.772393880711854,0.727069004549287,0.526190800368055,0.745037535888774,0.815340000338713,0.848863750789968,0.602967631999019,0.86085416629451
"007_Sankara_BhGBh_segmented_complete",0.55358498754211,0.531984489750455,0.546007174347569,0.517061479807784,0.493399513905123,0.615406694523116,0.569259489943424,0,0.652375940369277,0.5837513975726,0.696618079075396,0.446521711639307,0.477078833128855,0.587764691540566,0.568675383127833,0.497112863034016,0.651113560639639,0.874567765439081,0.579259771250682,0.512186182497078,0.477642732885324,0.828339901272483,0.527909935810783,0.435715829185524,0.715476844428101,0.779605815054873,0.922762355027757,0.913957381815485,0.539287759277535,0.813667102398972,0.885993059715777,0.749347071195822,0.529593777411716,0.703497751333218,0.691522163473863,0.702184679803685,0.781576204606429,0.82212412836731,0.868401792927017,0.506248072148682,0.727368267971198,0.677833702543084,0.664992996562256,0.653483671230521,0.619300017895648,0.615164833311646,0.829605263992801,0.497617591379408,0.555444642752412,0.686872705359518,0.448701217358512,0.449807836837432,0.690524304435156,0.981661331428907,0.793025843935696,0.585323497859858,0.486972183660355,0.64549291422107,0.477078833128855,0.651113560639639,0.582939065226888,0.778267118030804,0.770900746939357,0.572595441623177,0.529246006075097,0.599017345472102,0.538192466499658,0.752904570670318,0.907909572478408,1.08422954260106,0.655292737400202,0.860316334015664,0.676962130717888,0.684578658142165,0.540053413693314,0.693855751441087,0.596630502689742,0.782431652849655,0.64677907761748,0.621283111750117,0.744829104333336,0.869215107762605,0.849951108693749,0.710871691784835,0.737050272919728
"008_Sankara_IUBh_segmented_complete",0.739995135896049,0.590095862886993,0.668226957997613,0.661042883728948,0.547496367636677,0.596337351180422,0.618796786201505,0.652375940369277,0,0.678081989820676,0.67744868832073,0.615359371698985,0.606608905050037,0.743398497727579,0.596837025498426,0.546329824789123,0.74070800762,0.855582266462347,0.75723639274363,0.472442870398173,0.496413943072151,0.817149032613662,0.541080793517939,0.643475539050684,0.844385830344291,0.971293885968374,0.931519325941144,0.869728422688285,0.614176225446572,0.929175384620998,1.02417658678486,0.801325137854056,0.578526982691029,0.851167404978679,0.697104807257836,0.691758469927773,0.782097158118044,1.02931391094162,0.912647333645591,0.607225579322426,0.890990636481257,0.606167572850366,0.63576002773071,0.70879211244681,0.587088560976433,0.564410117834607,0.801811973181078,0.440202141336505,0.799035013415164,0.759111527266457,0.624087799987645,0.624896126431031,0.803439932688373,1.16275340178098,0.744084117349293,0.617249329049307,0.724290906336464,0.880139400619624,0.606608905050037,0.74070800762,0.732946371748861,0.809103576784643,0.852456854121816,0.578258801129707,0.619736271808458,0.744112238091164,0.593790182809011,0.721010873613961,1.06809619480117,1.36094361461131,0.949273304891216,1.15389346691986,0.734877696527428,0.670623780584412,0.554331038733427,0.663510378048039,0.832445739272996,0.91144306533038,0.861569302891617,0.652890392026576,0.889499283817424,0.889858518321471,0.993412042070482,0.711322129515225,0.957169482897021
"009_Sankara_KeUBh_segmented_complete",0.707869892390647,0.593036842792766,0.66759743395956,0.637972589575777,0.542489610133409,0.598276767448224,0.577328909542461,0.5837513975726,0.678081989820676,0,0.70081507041368,0.547068191737259,0.581225476162881,0.742785417816758,0.556004057686975,0.521408203813724,0.714551031469942,0.939612436947443,0.727731878705003,0.540311284521358,0.511355582792506,0.819331226847686,0.567580566310553,0.630847625142273,0.826298944384315,0.9515967836662,0.899954069640289,0.896038455527094,0.610239475498554,0.92477143123235,0.918836248604655,0.780458335221205,0.599486849261813,0.824505031892985,0.680099672215498,0.682457636349449,0.788899925213448,0.911590378490856,0.857417620323737,0.599338959392888,0.899008417878867,0.656805066598777,0.644478553655057,0.783934414396284,0.643311050963127,0.615459603923248,0.86477767920713,0.49247801667375,0.713208613111148,0.691003250866126,0.643147453139978,0.641893033020637,0.817091622747203,1.13729241051076,0.770141749275262,0.616796931372593,0.633291689852394,0.82387535373658,0.581225476162881,0.714551031469942,0.675995118461998,0.77724299724344,0.903517929586862,0.632825149303412,0.593874417137572,0.715858665848343,0.557138132638077,0.786573252887421,1.00988716725499,1.26333733343726,0.888073548918774,1.08152276647708,0.725325455428318,0.7020801536046,0.590788836776473,0.613479430177558,0.747842991173712,0.780116412843052,0.786723856972263,0.647125356197468,0.839211322761523,0.868610561495992,0.94657720419084,0.748222163730281,0.91603540523924
"010_Sankara_KeUBhVakya_segmented_complete",0.774645336480522,0.571299451120989,0.722640159690113,0.632223656245642,0.5729252871491,0.615384248574669,0.649450061985792,0.696618079075396,0.67744868832073,0.70081507041368,0,0.694027391001119,0.629874517970027,0.796682189522448,0.593762347680381,0.60061307149617,0.738156972261129,0.862999665557789,0.752457539538017,0.498220184008865,0.547284227004007,0.837100061422112,0.596282193491947,0.664850293344739,0.863273906826326,0.966147016860776,0.945237063638849,0.84545326575738,0.622743065176903,0.886927313971478,0.888587482102076,0.747189088537821,0.601395651932391,0.836413946927174,0.659745952950774,0.764521906991502,0.848154614281344,0.860474723684315,0.863363110490443,0.610386453230918,0.842516641824059,0.653913387484543,0.664309046404637,0.779548701073329,0.639021241962456,0.590022921064304,0.818340413940477,0.49840422953129,0.752937844208575,0.732286634142099,0.677868165969499,0.677673945629908,0.867990294457002,1.24432688759118,0.704255125150498,0.580543036253363,0.738977263041565,0.897082454344103,0.629874517970027,0.738156972261129,0.686674697157942,0.732711285876551,0.84252574892796,0.634720232022776,0.630003784822795,0.73009359042144,0.600233188972185,0.74057799705945,1.00679313627711,1.33697574084777,0.945224057316747,1.18135019371684,0.772842281021777,0.665301371146472,0.615278851831732,0.674809466816263,0.803569787546065,0.829109670490729,0.83769365137362,0.634701791865929,0.836865685437283,0.798138551365555,0.876099743693788,0.689301873350434,0.965860729039105
"011_Sankara_ChUBh_segmented_complete",0.541615021291907,0.503127898192348,0.521365543930447,0.490349521976062,0.434254814668591,0.580873586532538,0.543186775476095,0.446521711639307,0.615359371698985,0.547068191737259,0.694027391001119,0,0.454005868488263,0.512875810979483,0.563126297798732,0.44053337298309,0.614974917386186,0.862116892114384,0.57800823501723,0.494702180335852,0.409008799557857,0.792121025664572,0.506663853089954,0.468196428459916,0.717487212589843,0.793385931696997,0.952124021348481,0.873567650819564,0.513101116983288,0.861068023196026,0.883842805180057,0.759865281354272,0.514416136225625,0.699313399097964,0.647862853934526,0.672477691891703,0.776913641976432,0.816449664409133,0.878717478496121,0.485478705303119,0.751949386910422,0.64844214671823,0.628184387712682,0.646305095530364,0.593949461285957,0.593792999910208,0.786646684975882,0.459703644324319,0.593829976852654,0.667804328837705,0.48868154988782,0.489284864497729,0.652383611722447,0.96561639215595,0.721563725621694,0.557323167074955,0.405179360461085,0.577195482455091,0.454005868488263,0.614974917386186,0.540219800819216,0.763372699939265,0.813195741920706,0.556978230689096,0.444330039396366,0.617356357338025,0.481374228450812,0.716146789820434,0.912668055014734,1.13759881356807,0.677054827188409,0.919711499987455,0.655383184351468,0.652077353305573,0.529993895806421,0.627864880275739,0.646284153270405,0.794122549253579,0.692508526343638,0.583732814299098,0.773869698930317,0.843160824616569,0.841651345018205,0.673208793985619,0.775177763067627
"012_Sankara_KaUBh_segmented_complete",0.641056555238366,0.50204343849361,0.517187968231873,0.47919387628855,0.399488303758259,0.606086321203495,0.525696836618018,0.477078833128855,0.606608905050037,0.581225476162881,0.629874517970027,0.454005868488263,0,0.582869643970253,0.552543385668453,0.435362299560992,0.59366449903347,0.865162554915127,0.594948388472353,0.436180174291331,0.406269111151103,0.712467491636978,0.444337707915325,0.494658534122572,0.718987126433264,0.799523022438242,0.893185804855145,0.789565742351042,0.489224709361704,0.86322022486214,0.882664546859712,0.717968954757332,0.469321267351137,0.7143467437079,0.597651202340057,0.645208878711878,0.74597270486758,0.879385637718274,0.824921092628172,0.50458084227713,0.794901502651919,0.634908236017616,0.555371936674399,0.640381871797329,0.535337063669193,0.522305222128854,0.774551965962439,0.414998302096197,0.638630262006448,0.615578880893244,0.49953980007452,0.497764221191566,0.694800855148251,1.01810209753831,0.649523597867666,0.481349861705821,0.567396906985493,0.756990053269328,0,0.59366449903347,0.56412569743976,0.692738379691042,0.772117766450247,0.51966503043351,0.470406537968166,0.624656963029614,0.431285181298353,0.682940854057536,0.946381381114831,1.17866945840003,0.773636227659098,0.969848326113858,0.633188720159408,0.583906221422692,0.490690115480476,0.61030896553741,0.638431798407462,0.80411543164269,0.735894351702199,0.541431662079531,0.798996568310508,0.818452587558441,0.822761790172918,0.646355945143676,0.806187758819779
"013_Sankara_ManUBh_segmented_complete",0.642484923490754,0.619417762422058,0.645245003103148,0.580548827160447,0.560922525588041,0.708473730769951,0.633130965935494,0.587764691540566,0.743398497727579,0.742785417816758,0.796682189522448,0.512875810979483,0.582869643970253,0,0.670303424657331,0.601074696228459,0.698700947306068,0.881850381815834,0.618792651587348,0.596723631900213,0.538552307809663,0.887907446934543,0.58367800972811,0.576523548773755,0.765101291186667,0.842277406910357,0.96193772396898,0.876732787327058,0.593406042549201,0.904026303127554,0.893391291438638,0.794472873680004,0.608452291787451,0.706876878025891,0.721913657568676,0.750317250280568,0.831681087892159,0.898647785790564,0.945934659701511,0.595776657019376,0.767625906011123,0.739659350865581,0.742770764047767,0.747390795097954,0.677762589167324,0.700653782436642,0.839197934601288,0.57026777948749,0.67924776826431,0.704252920684897,0.614443424854017,0.611890973249147,0.758149889354152,1.07280256941464,0.820289088223332,0.677182731066125,0.579689445912496,0.689106536200076,0.582869643970253,0.698700947306068,0.634331432067237,0.812511773579649,0.918924555723671,0.640988941589674,0.519503693847867,0.685138505216311,0.562044774260393,0.835628241778439,0.946354429308135,1.08573203078943,0.778576483821667,0.932874123951925,0.722591509519481,0.766310323029293,0.638511847057647,0.723319348513295,0.706389591889966,0.885561558685346,0.7909825533067,0.644363046958821,0.757877293460853,0.91602754650357,0.890512362406922,0.744435896249617,0.833051147845392
"014_Sankara_MunUBh_segmented_complete",0.638847167331519,0.533081246516015,0.645154590710487,0.546175689847697,0.483400062405517,0.536687039089271,0.542785599564344,0.568675383127833,0.596837025498426,0.556004057686975,0.593762347680381,0.563126297798732,0.552543385668453,0.670303424657331,0,0.507759056131604,0.638908709222368,0.852685552793355,0.65792473197135,0.463062472570664,0.455725145426955,0.775942042766671,0.509234578716212,0.591566375192579,0.772678584950946,0.893545486435775,0.901304523985676,0.783498380822988,0.543486675581619,0.87035873652795,0.916688187891347,0.690593609507402,0.569394017197694,0.773439477605124,0.645527074023779,0.621043119902901,0.748127924474763,0.891763539500172,0.865273588109846,0.543094669131007,0.812503393434766,0.603883003743986,0.593632745494702,0.68474293074251,0.553980607402337,0.538517738888651,0.760108205448908,0.43703650930824,0.668859364097813,0.67958144926004,0.573318099847489,0.57314946433878,0.799781569695893,1.09729068130411,0.722564943418813,0.533411046058303,0.60704371980985,0.785967151222077,0.552543385668453,0.638908709222368,0.572908649902027,0.661467091902323,0.783063191986924,0.58667393318106,0.521549073564161,0.694187845330022,0.48057407379078,0.708304329318709,1.01430344375721,1.26185471682464,0.867272796314887,1.04166297625891,0.68512861117887,0.576631400364409,0.519496258168509,0.59934791800851,0.689488797578416,0.751451034878563,0.751896407891443,0.562453477796116,0.814304059832134,0.79540571750263,0.842409389819347,0.64668189198588,0.854587079610973
"015_Sankara_NrsTBh_segmented_complete",0.575508343663322,0.373665350586276,0.522822849791706,0.428585506857185,0.349508985303894,0.503413925699508,0.507262187784886,0.497112863034016,0.546329824789123,0.521408203813724,0.60061307149617,0.44053337298309,0.435362299560992,0.601074696228459,0.507759056131604,0,0.623204174715498,0.777698603786494,0.50105962764107,0.292535196913829,0.274449351726944,0.589540452971361,0.349561745993491,0.443715930820066,0.66575673255269,0.747761160078795,0.8275898932337,0.707724088658639,0.399340100805922,0.758148882696741,0.766473537163877,0.599692090809155,0.387953165046076,0.635526392477904,0.529533619923758,0.520042838028583,0.663550158356619,0.769746055450869,0.765491349778556,0.385281090100886,0.676794537190402,0.487167897224184,0.428625675542727,0.588107314277439,0.420086953545118,0.401005712819756,0.653654577397892,0.261433858781866,0.603818437995979,0.576645621024268,0.441901620984733,0.44106189787333,0.60082727537839,0.915561493326449,0.558990830829691,0.394446712183424,0.526666055695606,0.644343213019675,0.435362299560992,0.623204174715498,0.529561708679838,0.669307294536506,0.711706733387766,0.437182261271795,0.367366026295965,0.529632046584387,0.348296623434911,0.549700383381249,0.848029315368449,1.14091617105147,0.71125291141546,0.911739397723155,0.564885762045541,0.51042060318018,0.420246986349833,0.505238704522474,0.591605536024686,0.726268999735379,0.598822707046342,0.471261615886543,0.671468987780369,0.676886507532423,0.76076889471031,0.522514864289016,0.777155613284549
"016_Sankara_PrasUBh_segmented_complete",0.757647246764929,0.67681000251477,0.712099504381704,0.694510339465488,0.554043590574993,0.67393231555175,0.62128117224375,0.651113560639639,0.74070800762,0.714551031469942,0.738156972261129,0.614974917386186,0.59366449903347,0.698700947306068,0.638908709222368,0.623204174715498,0,0.925886999960699,0.754464485470561,0.611726870173188,0.576210371172935,0.90002167603837,0.611024160534411,0.661897033247158,0.823919237863346,0.965925827946945,0.949391920168129,0.876602295629318,0.650750726230627,0.90233453410576,1.00363378636992,0.849812134201214,0.648514674336317,0.852446200612087,0.686218192157493,0.749716975721355,0.946022005333238,1.00493240712531,0.920716084740704,0.639058205978744,0.882114503298506,0.750308563528934,0.742909480030736,0.74890458424821,0.703791598186642,0.699819942579862,0.903956187820566,0.581330330931781,0.767534346564391,0.798424504975452,0.650129532825603,0.647916284885476,0.805819849064333,1.21238935575762,0.806182108861812,0.653999831264364,0.612863427108898,0.812120908014433,0.59366449903347,0,0.64127232162538,0.826938073999352,0.947844340187979,0.663244063175757,0.648994492062611,0.800110819319732,0.619865513885205,0.8599217020132,1.0161508539925,1.28788414508435,0.919023168374301,1.08633692962839,0.755949977665645,0.745712545302371,0.64792234557668,0.690089589416182,0.756020078390603,0.898973602199223,0.83781166834568,0.727346229011104,0.897144847522855,0.871591548744334,0.941013509338759,0.806501671671645,0.903532611883965
"018_HastaBh_HastaBh_segmented_complete",0.944281625868487,0.793642285190462,0.812295823896232,0.818821400969958,0.750860205978183,0.785201515419089,0.724217529293803,0.874567765439081,0.855582266462347,0.939612436947443,0.862999665557789,0.862116892114384,0.865162554915127,0.881850381815834,0.852685552793355,0.777698603786494,0.925886999960699,0,0.901100389434369,0.638943376433876,0.692743334927913,0.925732879044555,0.755202475176583,0.830884551284955,1.01198947763568,1.1212294365621,1.12549283392616,1.01669200316357,0.764560954611731,1.07328627942392,1.09193958287307,0.918978187009713,0.742897992515096,0.968334069386299,0.823204642204786,0.848764380879551,1.05932480880467,1.07846107802517,1.02271909214469,0.756583470144496,1.0310762163523,0.851899631444008,0.814569442344996,0.931959901987544,0.796381877504003,0.770199102237461,0.933125502844502,0.633072369313158,0.94307162680727,0.957731608444302,0.84156867861134,0.840628985448717,0.987824781920174,1.35358517551408,0.94762431061706,0.766839169813494,0.821426349566872,1.00590570797729,0.865162554915127,0.925886999960699,0.872290592612568,0.882528073358659,1.05333645951425,0.773081209756924,0.780466140197299,0.891421469252265,0.70736167465863,0.891224285177701,1.15431579117376,1.46055249046546,1.11905115101256,1.34115986983571,0.918139853539472,0.900583366414772,0.803523807530642,0.839007652079008,0.93128709485825,0.972500762845745,0.992011962500173,0.729578219034366,0.948453307724113,1.00121817398098,1.02148272043106,0.742461484433514,1.17120485305471
"Abhinavagupta_IsvPrV_segmented_complete",0.525461281476319,0.47771548147131,0.609994184920606,0.526400872822458,0.442354052367403,0.668296055948879,0.616718871246361,0.579259771250682,0.75723639274363,0.727731878705003,0.752457539538017,0.57800823501723,0.594948388472353,0.618792651587348,0.65792473197135,0.50105962764107,0.754464485470561,0.901100389434369,0,0.46643811034776,0.397513809472621,0.740543392726156,0.460093406992102,0.469697469450734,0.596302777969129,0.690872604560695,0.775531228812956,0.739770469434236,0.444188362215944,0.720491605988761,0.767360186245755,0.619973397893219,0.480875513012315,0.54125039244359,0.620533694157242,0.613153920873126,0.814111753268657,0.705733473620324,0.821221894003415,0.471367657482834,0.637077250995049,0.620000035356442,0.566838007270872,0.694317973328207,0.551966141310185,0.573048606244336,0.744961470776721,0.448149872481693,0.588818476039762,0.663700748388183,0.515925452909896,0.512153582007238,0.683308648975236,0.960912435628166,0.71603158597142,0.561323585772247,0.579566179058607,0.656601415283539,0.594948388472353,0.754464485470561,0.631320855071499,0.769832483314845,0.784775793358237,0.531688947198828,0.462773247111049,0.590760964949666,0.492838685279053,0.682847076398666,0.767831513812017,0.950284480422917,0.603696277510326,0.7563966144522,0.614350949728983,0.617175271683089,0.490399161699576,0.65340137586755,0.530236867833022,0.757345227538771,0.585163054437208,0.559197356003739,0.620671423026661,0.80657100990874,0.731591210296614,0.607557940559656,0.707129080180083
"Abhinavagupta_Paramarthasara_segmented_complete",0.587496554171879,0.318572994712714,0.438246205953695,0.412100867316807,0.281412797381033,0.42235123743855,0.438569467569609,0.512186182497078,0.472442870398173,0.540311284521358,0.498220184008865,0.494702180335852,0.436180174291331,0.596723631900213,0.463062472570664,0.292535196913829,0.611726870173188,0.638943376433876,0.46643811034776,0,0.19502652931768,0.452153949375589,0.247115670364922,0.421975064931326,0.578124363847403,0.681475791620196,0.756211942383558,0.576174078040866,0.322136293055559,0.67676359074094,0.738949938872887,0.497846493341161,0.258992348839594,0.549795240216322,0.406854473222823,0.421972398803802,0.634746550226585,0.781684450718481,0.682648751654786,0.309423925472389,0.687156829860505,0.361886046883721,0.279466010661233,0.52463339033372,0.272575252990199,0.205675315982934,0.519775588188921,0.113017639566163,0.587001942879646,0.472172349845849,0.375381064504394,0.374611068165581,0.590284666977273,0.964458875406222,0.455315147573912,0.292507994836701,0.564483888612576,0.695247568889425,0.436180174291331,0.611726870173188,0.565281525317933,0.539899209564175,0.628168971682234,0.336886492454096,0.340835724536704,0.47865810582153,0.316589659075672,0.383303445962698,0.831929432347832,1.20028008615674,0.74864151596682,0.997914526912712,0.467672483118666,0.390938914376359,0.337820560693018,0.372525991410306,0.540912262436024,0.668712975086131,0.622123626466845,0.332565248493281,0.60034380308228,0.562005815233586,0.671484350485749,0.388445940867735,0.755180870682879
"Abhinavagupta_Tantraloka_segmented_complete",0.509910573007832,0.305990178827386,0.444004802581924,0.386517094285227,0.267324522055302,0.436159115288391,0.440825021834216,0.477642732885324,0.496413943072151,0.511355582792506,0.547284227004007,0.409008799557857,0.406269111151103,0.538552307809663,0.455725145426955,0.274449351726944,0.576210371172935,0.692743334927913,0.397513809472621,0.19502652931768,0,0.517300499503578,0.236277496801191,0.408321068442723,0.533578856801386,0.632543459805883,0.724473358087549,0.62200363934833,0.280729313794812,0.678789866667711,0.718678487376263,0.524785656662499,0.263466083893306,0.50732005020774,0.440372734122026,0.436736926723544,0.665171790527882,0.707234860718424,0.70560267524281,0.271944164697363,0.607372720496328,0.386074107614352,0.33807819692655,0.516095845761023,0.315752387115411,0.301049463892389,0.549759568349427,0.16110415849894,0.523807059128103,0.488373303199544,0.373999113061097,0.371779041675594,0.567081525614318,0.858429404907964,0.488092883165912,0.325103698445353,0.455355546689767,0.587412245249914,0.406269111151103,0.576210371172935,0.524847787678093,0.56098818835295,0.64927053166103,0.347866568060897,0.289797974726239,0.443833682803625,0.294769674992697,0.451342221080792,0.777940357073708,1.12149404652407,0.637218509236943,0.906235896348578,0.475215716106582,0.401069785136097,0.306092183296175,0.413521279486169,0.520241936761915,0.672419197752414,0.56187701538193,0.356645380672784,0.565830245653366,0.614002117113869,0.659480230088782,0.428655926105784,0.689770170868269
"Annambhatta_Tarkasamgraha_segmented_complete",0.858919326008312,0.617134545940163,0.771491370872988,0.704609545250066,0.579720130164857,0.690176174144598,0.726341707883805,0.828339901272483,0.817149032613662,0.819331226847686,0.837100061422112,0.792121025664572,0.712467491636978,0.887907446934543,0.775942042766671,0.589540452971361,0.90002167603837,0.925732879044555,0.740543392726156,0.452153949375589,0.517300499503578,0,0.534380801436164,0.731484971385136,0.829822501022955,0.951394047406585,0.897155052571948,0.751997264188838,0.621673822659704,0.924136670448008,0.980451440062938,0.70896140908822,0.578776769398608,0.784991252422259,0.642985031505389,0.64464289295564,0.904664184293569,1.02562179123068,0.958601786033174,0.618380384833092,0.95738179021697,0.641708724107192,0.61175443227218,0.817909371954086,0.586326712507919,0.564376919195013,0.810014333757563,0.439905358102519,0.883535577047641,0.642287105265923,0.705589190004861,0.703953837067031,0.893039935537464,1.24202383886566,0.661339421064131,0.608173421082575,0.855926204446692,0.985940471107347,0.712467491636978,0.90002167603837,0.839210708681328,0.872750712798584,0.816612670824352,0.639945863660947,0.652130556138613,0.770412410973612,0.609202899332223,0.71071872901004,1.04139500598673,1.36065791116426,1.04208481265669,1.16718358316616,0.74380780559606,0.656121553143203,0.649572436314627,0.688958981128692,0.740830127474479,0.915491520119465,0.845029274177262,0.627029118631446,0.868404957773596,0.760668015252043,0.968705543680447,0.698201663601803,1.03094508483261
"Asanga_Abhidharmasmuccaya_segmented_complete",0.547439966638686,0.383593141505874,0.505047675340251,0.457093557019908,0.292740527929165,0.4871943949226,0.485422420371085,0.527909935810783,0.541080793517939,0.567580566310553,0.596282193491947,0.506663853089954,0.444337707915325,0.58367800972811,0.509234578716212,0.349561745993491,0.611024160534411,0.755202475176583,0.460093406992102,0.247115670364922,0.236277496801191,0.534380801436164,0,0.437623775851042,0.566900997060049,0.62551654480539,0.755945649411562,0.615101384232041,0.326473890833181,0.704297695870194,0.798287653725587,0.542423521154064,0.275516313604081,0.514244055233026,0.452966592993594,0.488260591585489,0.663870172956539,0.810148423526332,0.732276859235899,0.341913802733707,0.674021332621308,0.456729333575652,0.38656829929503,0.52766186974875,0.334315952831788,0.314126170648738,0.614360811451704,0.190630214061599,0.555532306870994,0.508038850366002,0.434704171597812,0.432113210953157,0.620502785643669,0.948084712218441,0.52058872030479,0.326865833718815,0.557311981481413,0.678772182864645,0.444337707915325,0.611024160534411,0.564765880839493,0.592278478275775,0.626175037387558,0.359310256555332,0.376584728847682,0.5059713603089,0.342779872291874,0.523244708910484,0.840696631312169,1.14936810806343,0.733317503701587,0.925643262163237,0.449594451208378,0.37476030679694,0.283513309849654,0.451145488857609,0.529807877970043,0.709647981932278,0.611965616709083,0.394230981114109,0.613857789216428,0.645409989817551,0.745127369249996,0.492113156061707,0.712109686089219
