"","000_vivarana_unsandhied","001_LalitaBhasya_segmented_complete","002_Pseudosankara_Sanatsujatiya_segmented_complete","003_Pseudosankara_SvUBh_segmented_complete","004_Pseudosankara_Visnusahasranama_unsegmented_complete","005_Sankara_Adhyatmapatala_segmented_complete","006_Sankara_ AiUBh_segmented_complete","007_Sankara_BhGBh_segmented_complete","008_Sankara_IUBh_segmented_complete","009_Sankara_KeUBh_segmented_complete","010_Sankara_KeUBhVakya_segmented_complete","011_Sankara_ChUBh_segmented_complete","012_Sankara_KaUBh_segmented_complete","013_Sankara_ManUBh_segmented_complete","014_Sankara_MunUBh_segmented_complete","015_Sankara_NrsTBh_segmented_complete","016_Sankara_PrasUBh_segmented_complete","018_HastaBh_HastaBh_segmented_complete","Abhinavagupta_IsvPrV_segmented_complete","Abhinavagupta_Paramarthasara_segmented_complete","Abhinavagupta_Tantraloka_segmented_complete","Annambhatta_Tarkasamgraha_segmented_complete","Asanga_Abhidharmasmuccaya_segmented_complete","Bhaskara_BhGBh_segmented","Candrakirti_Bodhisattvayogacaracatuhsatakatika_segmented_complete","Candrakirti_Prasannapada_segmented_complete","Dharmakirti_Hetubindu_segmented","Dharmakirti_Nyayabindu_segmented","Dharmakirti_Pramanavartika_segmented_complete","Dharmakirti_Vadanyaya_segmented","Gangesa_Tattvacintamani_segmented","Jayarasi_Tattvopaplavasimha_segmented_complete","Kamalasila_Bhavanakrama_segmented_complete","Kamalasila_Madhyamakaloka_segmented_complete","Kavirajayati_Samkhyatattvapradipa_segmented_complete","Kumarila_MimSV5.4-9_segmented","Kumarila_Tantravartika2.2.1-4_segmented","Madhusudana_Advaitasiddhi_segmented_complete","Madhusudana_Siddhantabindu_segmented_complete","Madhva_Anuvyakhyana_segmented_complete","Mandana_Brahmasiddhi_prose","Mandana_Karikas_complete","Mandana_Vibhramaviveka_segmented_complete","Mathara_Matharavrtti_segmented_complete","Nagarjuna_MMK_segmented_complete","Nagarjuna_SuSapt_segmented_complete","Nagarjuna_VigV_segmented_complete","Nagarjuna_YuktSast_segmented_complete","Padmapada_Pancapadika_segmented_complete","Prasastapada_Padarth_segmented_complete","Ramanuja_BhGBh_segmented_complete","Ramanuja_Sribhasya_segmented_part","Ramanuja_Vedarth_segmented_complete","Sabara_MimSBh_segmented_1_7","Sadananda_Vedantasara_segmented_complete","Samkhyaparibhasa_segmented_complete","Sankara_BAUBh_segmented_complete","Sankara_bsbh_unsandhied","Sankara_KaUBh_segmented_complete","Sankara_PrasUBh_segmented_complete","Sankara_TaittUBh_segmented_complete","Sankara_Upad_Gadya_segmented_complete","Sarvamatasamgraha_segmented_complete","Sthiramati_Tvbh_segmented_complete","Suresvara_BAUBhV_segmented_Arthabhaga_Ajatasatru_Maitreyi","Suresvara_Naiskarmyasiddhi_segmented_complete","Suresvara_TaittUBhV_segmented_complete","Totaka_Sruti_segmented_complete","Udayana_Nyayakusumanjali_segmented_complete","Udayana_Nyayavarttikatatparyaparisuddhi_segmented_1.1_1.2","Vacaspati_Bhamati_segmented_complete","Vacaspati_Nyayasutravarttikatatparyatika_segmented_complete","Vasubandhu_AbhidhKBh_segmented_complete","Vasubandhu_Madhyantavibhagakarikabhasya_segmented_complete","Vasubandhu_MahaySABh_segmented_complete","Vasubandhu_VimsatikaKVr_segmented_complete copy","Vatsyayana_Nyayasutrabhasya_segmented_complete","Vedantaparibhasa_segmented_complete","Venkathanatha_Nyayaparisuddhi_segmented","Vijnanabhiksu_Samkhyasara_segmented_complete","Vimuktatman_Istasiddhi_segmented","Yamuna_ Isvarasiddhi_segmented","Yamuna_Atmasiddhi_segmented_complete","Yamuna_Samvitsiddhi_segmented_complete","Yuktidipika_segmented_complete"
"000_vivarana_unsandhied",0,0.806977470883395,0.721630670303453,0.715761430150761,0.750579435824304,0.90629421560301,0.780360966448023,0.646741540187877,1.00217397757996,0.867896800488338,0.907400599109103,0.696388539604795,0.764465907356368,0.680787381313268,0.834405897028421,0.920681778367392,0.794395890762337,0.980501630831632,0.795583349960327,1.01381449000837,0.829866578143456,1.42857360499401,0.901146248514379,0.615339011783026,0.758869571574673,0.81609569911771,1.06079013705374,1.30981353771538,0.770429017734268,0.944624431988563,1.01133176736476,0.961904265847439,0.771004854128585,0.947911906178187,0.890181533832582,0.899262719313425,0.88504085713877,0.818398940051446,0.85714370965649,0.803425198816786,0.829585499549897,1.07375700036351,1.14843871076451,0.741373771600299,1.10958958730351,1.2673467953499,1.04873727318452,1.1586273832018,0.613005926381427,0.744928561560279,0.759840745772193,0.753766476058992,0.885569015437409,0.816857194507029,1.01674824218414,1.09349940710236,0.630552880024452,0.593940348742623,0.764465907356368,0.794395890762337,0.760202850938743,0.726409847699286,0.719822781317737,0.814735810791371,0.752834062485542,0.774437067309873,0.759601996616109,1.07575074300622,1.04191119013265,1.11996509898369,0.694035879417848,0.822491596817881,0.825209746719717,0.908279686478165,0.707378807009886,0.955818070810863,0.75262250539283,0.971484094152373,0.723393427481779,0.744978318726524,1.01375978653967,1.16176597804932,0.93753783041112,0.959486231287883,0.711755232724102
"001_LalitaBhasya_segmented_complete",0.806977470883395,0,0.553011411707264,0.524273955431053,0.495278117908114,0.877094504372297,0.770275193215695,0.630898941613402,0.796427366553717,0.817290472396762,0.942728612161409,0.582282922693536,0.592931485156573,0.76063004886551,0.7033465679249,0.515070508948797,0.758694303113381,1.11546755445105,0.939889535861521,0.719629190638445,0.522639988246401,1.4136763436463,0.633922747541571,0.62786014930828,0.974549893834399,0.988252163824002,1.11685097183256,1.31209297165001,0.79315264325793,1.05258833387931,1.12457007497316,0.797659546385069,0.659090979523293,1.00040575455271,1.04615732608118,0.924371103001991,0.85863642674905,0.948703420176737,0.975695445297367,0.752753350589415,1.10199745887443,1.02931004737633,1.10571072560132,0.780294371475088,0.922998280621804,1.0238400866586,1.04817585445218,0.749303588712334,0.840699914817567,0.831275807393461,0.461984383818564,0.461979401583558,0.813681866836011,0.8761505379982,0.671654826067394,0.748702527193632,0.693673017250388,0.820417650670736,0.592931485156573,0.758694303113381,0.778269547663786,0.890811599626078,0.932176526040271,0.898200132506787,0.625346513671243,0.726375986119342,0.600372364714647,0.7967826831096,1.2432449522565,1.41193128199721,0.877745473460017,1.1201996487172,0.905210946926641,0.721585574127849,0.673983586501428,0.912172808517304,0.948652476897341,1.10712810461822,0.978884995199244,0.656320485857875,1.08742773284137,1.14909028089413,1.11664653680669,0.872060822429724,0.96248589625855
"002_Pseudosankara_Sanatsujatiya_segmented_complete",0.721630670303453,0.553011411707264,0,0.389933326768215,0.544232223356973,0.861711090253259,0.720710962701726,0.575429239080625,0.821102648000839,0.799647605538447,0.914053244556006,0.526594268638717,0.621859424673676,0.747906161155148,0.725028824694946,0.679660689929539,0.76735983781317,1.0708345549098,0.900301756314235,0.848425117786183,0.569935856697978,1.59110881039105,0.838778216415394,0.538936029008809,0.88179932506489,0.945955075024833,1.19358563190013,1.31833556143789,0.821945152050436,1.14430473571979,1.26163885684433,0.996032186018611,0.660431643130933,1.04485133292493,1.07583495915982,0.999737769276879,0.869256191551073,1.05360977644136,0.951133077140797,0.689437066659614,1.01605732163592,1.08337132724691,1.12315485856245,0.774805876891531,0.934580179999517,1.20829243304421,0.985588620211099,0.87267708451449,0.785801795582121,0.916915104306766,0.523448359353596,0.523038844039387,0.796259380617771,0.857020039441339,0.952019306621998,0.83329283955933,0.622001539338994,0.715226519016076,0.621859424673676,0.76735983781317,0.713933099322111,0.905510146131131,0.934124434749728,0.878766080580126,0.660130340973676,0.757908062487379,0.64238672516799,0.909587117379619,1.29452379562199,1.41785130801256,0.834101911874443,1.11920521797856,0.901659770120948,0.843415109756976,0.751784330202836,0.966802665939089,1.00432406037332,1.16726168061286,0.976021879936508,0.73676751557686,1.18559380048712,1.23239788082978,1.19944996421405,0.944917669893669,0.964281826335696
"003_Pseudosankara_SvUBh_segmented_complete",0.715761430150761,0.524273955431053,0.389933326768215,0,0.43269506241512,0.866028672235175,0.705227684192723,0.526626334691795,0.820685578651787,0.775992714998051,0.931239270529928,0.55604844752456,0.556426161369643,0.734195693834164,0.724176886890145,0.626148404115268,0.782508549589655,1.03936074905332,0.847578580571878,0.72837805514756,0.525585940189795,1.50792023859736,0.732444089637525,0.502975112719102,0.80725671413256,0.878132961934337,1.1431464481875,1.34913494443837,0.772369922535998,1.12342725836929,1.18447678762245,0.953395624913975,0.61060131716975,0.995892515442825,1.00408850472274,0.96852590288989,0.841354203635603,1.04875512722143,0.944236145761475,0.672948212075778,1.02611510252712,1.0639416251753,1.06080282111685,0.690879256140655,0.858169921904029,1.13165054306237,0.983200694797377,0.841187906935153,0.811400971212703,0.848688123375754,0.474410264644967,0.473566944552405,0.735537403742622,0.828372024230673,0.914453345069532,0.747586753030415,0.617454817754267,0.732240794750745,0.556426161369643,0.782508549589655,0.710985245414039,0.844936618253027,0.910758166991798,0.78178434513845,0.614844864441323,0.731428898457909,0.605088368810678,0.913044103873472,1.26072705977433,1.37140888611495,0.787093110828422,1.07351488751347,0.831323994153329,0.769505206275901,0.642155140437185,0.924489622057913,0.936364168286529,1.16182278239847,0.970843029946077,0.630042140936296,1.09483362785526,1.24285073554336,1.09798845359043,0.868406476072766,0.940078142795597
"004_Pseudosankara_Visnusahasranama_unsegmented_complete",0.750579435824304,0.495278117908114,0.544232223356973,0.43269506241512,0,0.868326095362155,0.694560036743599,0.64632227567981,0.797331629866497,0.748604191590565,0.911622447924238,0.585292892834335,0.55175493556491,0.755402586846453,0.713921338813443,0.603989243470832,0.731345752636158,1.1324877403818,0.862834640518723,0.728014363430631,0.494351869540135,1.42289132292534,0.673123595989334,0.555164987108427,0.860595505743241,0.891400296300706,1.0828843544248,1.26876360124691,0.754343031976083,1.04159261787643,1.18685539058622,0.935535989348781,0.62299593574379,0.970732791823701,1.05348948901737,0.888452297703195,0.878873363965618,1.08503031305445,1.03133528122142,0.694713919449209,1.09118038891575,1.02913687971356,1.06600425827485,0.723456264295969,0.820671153732125,1.05957174264656,0.966565044352163,0.802624633693166,0.862091892941209,0.860340252248998,0.515252787537932,0.51319239171672,0.756420236829124,0.806603826993092,0.81022167628225,0.755799354944801,0.657328368824676,0.722641274041513,0.55175493556491,0.731345752636158,0.733926409058257,0.836699144663417,0.883594618081718,0.838090747604492,0.609864478508464,0.775485180051524,0.532846210948383,0.90590311518131,1.28999543551565,1.42464046228278,0.889112692590487,1.13363165496921,0.823504744310072,0.723537702842778,0.559062212945395,0.906308091513414,0.964076181809443,1.13236466617536,0.942843183747233,0.710509135479961,1.10858838320846,1.23532217790247,1.12710943851602,0.895137026990652,0.978019471653086
"005_Sankara_Adhyatmapatala_segmented_complete",0.90629421560301,0.877094504372297,0.861711090253259,0.866028672235175,0.868326095362155,0,0.903803698040586,0.848938049319524,0.962290261565484,0.97911140876317,0.908489738821607,0.78548814185845,0.864457955268143,0.951700946047147,0.873254456833235,0.916986261468978,0.913660543973026,1.22332201187047,1.14606533982918,1.05470800953318,0.835488674456643,1.78285240806368,0.967633643197951,0.847186652411006,0.986345807285227,0.986437838495956,1.25734557088778,1.62109548423577,0.963829654453611,1.03853680395222,1.23065895363909,1.09591566943144,0.929898375887257,1.13969469801837,1.24881469722153,1.13318644866564,1.13210083184137,1.08195747874294,0.999942921331094,0.911952413457335,1.21844119533521,1.19862367859495,1.25460728875787,1.06153012888495,1.15031959513601,1.27295461944663,1.15486393760629,1.01521161258643,0.942901495371258,1.11739355115555,0.854623951863947,0.851831765749059,1.04787077661359,1.01854960910969,0.906115953499463,1.12241406226511,0.789942735478121,0.871840656013418,0.864457955268143,0.913660543973026,0.850471398708993,0.924464002622781,1.22748639242412,0.940926515045783,0.903804261861616,0.915207406859039,0.836303449108225,0.961157203815879,1.3337625706564,1.47108591654853,1.0331079971335,1.23556642165052,1.00121330963255,0.934579931593327,0.837265635477959,1.13084133360444,1.18664958006508,1.29097924526579,1.05617482976327,0.982392219226415,1.13671817894128,1.22750408438378,1.21040681574522,1.03211800666979,1.10140616906509
"006_Sankara_ AiUBh_segmented_complete",0.780360966448023,0.770275193215695,0.720710962701726,0.705227684192723,0.694560036743599,0.903803698040586,0,0.650546404359447,0.850337163006678,0.654500335886228,0.928457170565162,0.572912397906334,0.62361489138657,0.710941403185954,0.771486192658373,0.841096131661788,0.646282900144679,0.990076800809308,0.855558022028651,0.899497943571609,0.69113743888561,1.56940037168008,0.877877359250694,0.677727052886505,0.943499456291807,0.934631479719071,1.18424139927724,1.32623942460886,0.825913635576105,1.10269621141562,1.1703680353913,0.970386518438716,0.769552907075843,1.08096352621786,1.0539759574405,1.05941357327893,0.942982392540927,0.969233293958791,0.916973273259939,0.801041304277424,1.03781320900388,1.12241627978838,1.13438324777355,0.882322371822559,1.04661384038731,1.20894797297009,1.13602856593348,1.04789245392136,0.786469941294233,0.993358034626689,0.702110518363617,0.699067139174079,0.811122054368202,0.848878594360799,0.983648842373605,1.04651144573911,0.493325991572872,0.709479286642404,0.62361489138657,0.646282900144679,0.721851169578136,0.735282869632914,1.0470580125026,0.959379396312461,0.657966262294565,0.794811656100817,0.675347052340805,1.06659781390855,1.17491719095693,1.34373084952653,0.85176775326812,1.12618277837812,0.925663497665982,0.944624942029682,0.789580208225546,1.04272225685215,1.02380821205767,1.09407392779478,0.904494901766898,0.809058246401962,1.11361207655939,1.20818794233957,1.11613898705813,0.99612673439534,0.987107384706554
"007_Sankara_BhGBh_segmented_complete",0.646741540187877,0.630898941613402,0.575429239080625,0.526626334691795,0.64632227567981,0.848938049319524,0.650546404359447,0,0.642096616589895,0.668864599367218,0.92065529396488,0.389755734338512,0.488670401289166,0.528632227476687,0.648451075659613,0.677675426865318,0.700166700497387,1.06745103464136,0.774388256596365,0.843998696702612,0.556044058117564,1.50449931550052,0.692504782355668,0.434331474718934,0.698013474205799,0.667038836849113,1.09362788971137,1.31639389084383,0.720889884071203,1.01109442638638,1.12882377119255,0.924736568459687,0.585519680978716,0.928985839628687,1.01645425869445,0.958511915400986,0.802396925055868,0.932028891266148,0.880256383374321,0.654688169718433,0.943862110844337,1.01208904708677,1.11394549744308,0.62984098402013,0.828141267759075,1.13330994133952,0.951091968534119,0.948305284523205,0.751113048573457,0.819036980117816,0.491317544280279,0.488412989763629,0.768372036909677,0.630223925876158,0.930621222322491,0.788767696222297,0.445935335126867,0.655414517496341,0.488670401289166,0.700166700497387,0.570672174877004,0.722042898141123,0.876000657339282,0.676629488182448,0.559106802256841,0.629393257289209,0.516070714454321,0.954278662266288,1.19210635331023,1.20421499653449,0.677404377284203,0.883987590065525,0.715619538578026,0.748217103481832,0.583657814845381,0.909528809485958,0.793598503983103,1.08935025205147,0.825095045570221,0.651686099791416,1.04127341233217,1.19982177339261,1.02986456432936,0.875884746394737,0.751162860464863
"008_Sankara_IUBh_segmented_complete",1.00217397757996,0.796427366553717,0.821102648000839,0.820685578651787,0.797331629866497,0.962290261565484,0.850337163006678,0.642096616589895,0,0.890447299715979,1.09143115820319,0.670960472360468,0.744890372644055,0.837717350604003,0.768555737479773,0.889101014317774,0.912939395436754,1.30619329861465,1.16443899358888,1.0798941742318,0.81392944449295,1.6593123693634,0.865631651844183,0.82133353628732,1.06600238665179,1.01048151508919,1.27465373202808,1.37427185090502,1.00714398694691,1.24065126340251,1.43376384041726,1.10097617702856,0.878218174038145,1.25497070633726,1.25025026351243,1.11122912970055,1.05859853151324,1.25814344781609,1.14151541190397,1.00273031297513,1.25857082291133,1.1469013127899,1.23412848860243,1.00653709718552,0.995990254342409,1.18496211383474,1.09706777674586,1.12188416997376,1.14134748033008,1.11488830933529,0.806736300899537,0.809340994495404,1.04182029941876,0.94980363735256,0.999109197489848,0.941909542081684,0.774283817225957,0.918239621156472,0.744890372644055,0.912939395436754,0.797974209740302,1.06081344263473,1.09192875926846,0.964485179104658,0.820183270383794,0.900399688729951,0.725643894160343,1.13276195190232,1.4965138408356,1.50785398893388,1.07631757115839,1.2177153575522,0.967502237090066,0.83227173164258,0.833876820136757,1.01238836219233,1.11707445954136,1.33259359466982,1.20697208617359,0.989273550633327,1.30900826904264,1.42512283162791,1.44147213742053,1.13211951472614,1.07882305891859
"009_Sankara_KeUBh_segmented_complete",0.867896800488338,0.817290472396762,0.799647605538447,0.775992714998051,0.748604191590565,0.97911140876317,0.654500335886228,0.668864599367218,0.890447299715979,0,0.88558918042311,0.579875440089138,0.684011089916835,0.737176943664714,0.690663066386628,0.834444740908389,0.722438708818952,1.17449396550639,0.903169076398359,0.994015305676488,0.776366157508089,1.59712305049608,0.939479067778198,0.70852850727358,0.980428583136947,0.976401357517952,1.1946507388924,1.38580764519953,0.945349020353631,1.01870003024272,1.26814252889488,1.00655922112607,0.835527827921668,1.05887545873308,1.20705033261011,1.04218111954053,0.945482475648982,1.0688350643783,1.06739573931338,0.879971018477135,1.12285753217518,1.14898894629093,1.21213082717681,0.894951718514518,1.06303607772084,1.22893558460808,1.11466613234717,1.0413212698742,0.833883963082751,0.995443365996641,0.761803407935999,0.764292161726992,0.855721107919026,0.838583133034513,0.979923762094423,1.04881650312017,0.539029950128662,0.744813654056418,0.684011089916835,0.722438708818952,0.613189776830401,0.85064659315577,1.12524166346416,0.889215107274107,0.721812956676444,0.802356650288532,0.622408202238697,1.00664704679096,1.25592225533509,1.36553809910011,0.841738227797952,1.09351601826145,0.870116961784655,0.953710785936762,0.81442535360954,0.906000299136565,0.931972048856419,1.17239777621316,1.01492440851144,0.900229653422831,1.19293789453198,1.30916771660927,1.13355861932945,0.96023442843753,0.958366426550654
"010_Sankara_KeUBhVakya_segmented_complete",0.907400599109103,0.942728612161409,0.914053244556006,0.931239270529928,0.911622447924238,0.908489738821607,0.928457170565162,0.92065529396488,1.09143115820319,0.88558918042311,0,0.883896146222171,0.974174434525139,0.989684072154706,0.959884263444517,1.03917890358619,1.04541040649069,1.2277693779675,1.15378852400509,1.14319730502688,0.919257293283129,1.72319378881736,0.996825267174587,0.935461906090783,1.04643526653021,1.05870889755537,1.22388818059827,1.41010897952879,1.03723555161039,1.12216513019801,1.14618127159291,1.12637420902258,0.970660874494046,1.16670739536699,1.28379316832633,1.14194618092491,1.17048238647647,0.970164757342108,1.06133262937618,0.954645712381715,1.14540455178462,1.17648205616874,1.20133679641955,1.10220471949135,1.14389525984639,1.25331034760743,1.21179438529235,1.22854858424539,0.932989741393431,1.10069100708122,0.924148443768003,0.921988101247285,1.06307154825191,1.13187520359062,1.00594521839558,1.2144486521541,0.839030362395564,0.890963825673738,0.974174434525139,1.04541040649069,0.744219695656685,0.891590387974168,1.0219414271035,0.921982163485379,0.865129875975147,0.98211700290795,0.818204870805671,1.06816057858877,1.1961291106145,1.3929515016853,1.05391361483136,1.27908956287802,1.04837195683607,0.970309644407471,0.923604833745423,1.12039046330483,1.14299236241238,1.16006557120719,1.02731384072351,1.03895978002113,1.16501177312319,1.22877091594978,1.15817489414654,1.04441951995272,1.13034435773188
"011_Sankara_ChUBh_segmented_complete",0.696388539604795,0.582282922693536,0.526594268638717,0.55604844752456,0.585292892834335,0.78548814185845,0.572912397906334,0.389755734338512,0.670960472360468,0.579875440089138,0.883896146222171,0,0.476062875658474,0.496263678873745,0.557818378150701,0.614412262935024,0.541828051889476,1.11200405878537,0.795057194520173,0.831337219847936,0.472440324104081,1.5510250184147,0.771074255380416,0.466616580346189,0.775786102344555,0.759599400810013,1.07737588371751,1.3108998661464,0.734133904814969,1.04473804838018,1.15613239302946,0.957892751325939,0.63331112249167,0.88957702463445,1.04880917451297,0.94396912688865,0.844936276705448,0.968475813888668,0.870934271133076,0.649472908777407,1.02534212852886,1.04070451447956,1.10225955587031,0.737855915468371,0.924379793421108,1.12141640381002,0.944246635429752,0.958807062105156,0.759615080305678,0.81015467278287,0.469462358328892,0.467921997801308,0.6885167557893,0.683883264930075,0.87706277304461,0.893353239996825,0.325237818539512,0.597138619007047,0.476062875658474,0.541828051889476,0.521823951816264,0.738503834729321,0.933477680352655,0.720055541329054,0.511487080649401,0.637326647821082,0.478893315068531,0.879192902562502,1.19138874956294,1.28212666984576,0.695970078614079,0.987817538399166,0.739153014631241,0.779064120003957,0.622038267480908,0.890540257328465,0.900030445260239,1.11117891671621,0.854728466443803,0.687101479885214,1.04036847817597,1.17937498082577,1.03792026648766,0.864421228458508,0.859890328611147
"012_Sankara_KaUBh_segmented_complete",0.764465907356368,0.592931485156573,0.621859424673676,0.556426161369643,0.55175493556491,0.864457955268143,0.62361489138657,0.488670401289166,0.744890372644055,0.684011089916835,0.974174434525139,0.476062875658474,0,0.563728079050387,0.53572641941467,0.735609362395,0.683106928700339,1.13182501726811,0.795539035573288,0.901647923680302,0.574696152920578,1.5652908438996,0.782355258632868,0.544747767533376,0.75824830670667,0.741805392026372,1.07383807715917,1.32068968427248,0.787251721419016,1.12552753204883,1.19886060863731,0.920372234104327,0.64241319813045,0.983319458019214,1.05626544832154,0.910290391406973,0.877079526260051,1.07417037967634,1.01168369626119,0.784048656215267,1.08061501191347,1.08619589003312,1.16161156096891,0.76039871295974,0.867813972925301,1.14355388947854,1.04017290294118,0.926498408575666,0.826773236681716,0.910051178326012,0.538900110682915,0.534784901087383,0.82402473424603,0.788175932874517,0.908945829392405,0.912710689316391,0.515576003865657,0.789533631587689,0,0.683106928700339,0.593493153407514,0.788952394702755,0.981329499927438,0.74740372408301,0.613792773459922,0.752657287533554,0.588931856484793,0.913448969525041,1.25028349515284,1.35304219365349,0.829147079831963,1.06887401284535,0.816944013424211,0.826776095269824,0.684257991883725,0.964259886190935,0.966943498495757,1.18152513811338,0.973179818864376,0.73869135716746,1.05391337280137,1.32553522794248,1.11203568264273,0.897436414321273,0.859574600169452
"013_Sankara_ManUBh_segmented_complete",0.680787381313268,0.76063004886551,0.747906161155148,0.734195693834164,0.755402586846453,0.951700946047147,0.710941403185954,0.528632227476687,0.837717350604003,0.737176943664714,0.989684072154706,0.496263678873745,0.563728079050387,0,0.722893142668457,0.899631093290558,0.681836643685726,1.06789386320327,0.758895288155633,1.06006291510373,0.740144050073294,1.61152391770329,0.954962980592806,0.529329468680761,0.752478864650357,0.757367568032807,1.02740706335681,1.25234320831293,0.846609061434326,1.02495046964681,1.1127747997861,0.962239678176992,0.724132577546618,0.869225713128265,1.0320602265515,0.951032085855329,0.993618745838753,0.93955714920413,0.944357298119635,0.798330218338729,1.04178333844721,1.14234111909956,1.19684591192152,0.814489471185724,1.02623443485308,1.25825917727379,0.992980516924993,1.04332830527447,0.81237511222293,0.938937667418058,0.68302784964023,0.68227174833718,0.829892335552505,0.840085424322941,1.01872328713276,1.02591700043672,0.51299839904468,0.758116659120507,0.563728079050387,0.681836643685726,0.632173300615786,0.769878543332999,0.976770270772294,0.85069935022761,0.634581412364659,0.687675974307676,0.681376086582104,0.992238459103739,1.15236301484292,1.21108121123627,0.744557490776942,0.963209773573476,0.824117352696163,0.951333998572856,0.799911940868288,0.960683581951726,0.983497394825577,1.15996113308042,0.935683607824344,0.82483966621212,0.89087961946126,1.23949525090932,1.05706780408253,0.939458638287,0.84825583391076
"014_Sankara_MunUBh_segmented_complete",0.834405897028421,0.7033465679249,0.725028824694946,0.724176886890145,0.713921338813443,0.873254456833235,0.771486192658373,0.648451075659613,0.768555737479773,0.690663066386628,0.959884263444517,0.557818378150701,0.53572641941467,0.722893142668457,0,0.795215399363797,0.711164075911223,1.19333615581843,1.02316496249395,1.01463129206725,0.713691686656988,1.58625016921962,0.851902852881407,0.727806685285458,0.942469277833441,0.942556740579897,1.18932312910191,1.3135702475668,0.928687150755376,1.08755677802536,1.27944850154011,0.995437590388862,0.887924894453402,1.13300845581636,1.24883511143696,1.00751352617045,1.03239842201367,1.08673132294465,1.0574675036476,0.87583405655512,1.17651572852963,1.19080407107836,1.35563163118098,0.882188313084155,1.038920849168,1.28175249680538,1.13821440534994,1.04446434516444,0.90772571989434,1.010408873693,0.710065364935572,0.711895542821309,0.921903725414927,0.884698118251354,0.805399974175712,0.964063337067068,0.586767833757661,0.807120871100473,0.53572641941467,0.711164075911223,0.574198298479168,0.843660853402672,1.06320813340214,0.94253735421706,0.71275308782902,0.852567982620497,0.651211252209743,0.992233599942068,1.3640411537904,1.49126088183985,0.97129707063709,1.20290206260239,0.957797910491482,0.815203015587435,0.795022872889502,1.00629400453346,1.0842861623376,1.18395859366792,1.08437736114258,0.897357442671155,1.16712759673319,1.29402805675977,1.18506064848302,1.06885638676768,0.890974741838413
"015_Sankara_NrsTBh_segmented_complete",0.920681778367392,0.515070508948797,0.679660689929539,0.626148404115268,0.603989243470832,0.916986261468978,0.841096131661788,0.677675426865318,0.889101014317774,0.834444740908389,1.03917890358619,0.614412262935024,0.735609362395,0.899631093290558,0.795215399363797,0,0.847177243304374,1.20404052773027,0.91689372856165,0.748642865515123,0.526218601446038,1.4516901099998,0.685180194537852,0.707623725563328,0.934534947887457,0.923442682515908,1.23971028539137,1.39184890122873,0.868265573520905,1.09032099471172,1.27058309487157,0.961847026496077,0.726005984841783,1.04866477380856,1.19886027643954,1.05802721874148,0.929044482634303,1.09496885532166,1.14620035936048,0.812019187452859,1.18707067308757,1.11510487282552,1.16822116087595,0.84710615283695,0.907206736689165,1.07664254148627,0.944222276098142,0.799467522233669,0.943223414506956,0.870995083630387,0.593422950107745,0.591679149490807,0.849052235404575,0.729187957509114,0.844045131108642,0.84562226193826,0.737366112854868,0.829507986782947,0.735609362395,0.847177243304374,0.889594265599406,0.914447305710867,1.09769249129808,0.901891549246524,0.66261234468648,0.828064777802456,0.581288258225704,0.896810377933979,1.35274812722083,1.51702197960656,0.97267016767867,1.20800552052625,0.897298203154959,0.859213263332774,0.692600450995905,0.924313783965406,0.96531249555651,1.24123478605143,1.01502282737769,0.816638962878396,1.22195023234335,1.22315384841987,1.1085991647658,0.872725059384686,1.10614736081454
"016_Sankara_PrasUBh_segmented_complete",0.794395890762337,0.758694303113381,0.76735983781317,0.782508549589655,0.731345752636158,0.913660543973026,0.646282900144679,0.700166700497387,0.912939395436754,0.722438708818952,1.04541040649069,0.541828051889476,0.683106928700339,0.681836643685726,0.711164075911223,0.847177243304374,0,1.11271319399081,0.90695164121297,1.02875708624986,0.696416219603486,1.62746176089246,0.905200010864333,0.71377732010992,0.932692282325341,0.931752060886119,1.14308064130282,1.31391723524335,0.850493062845319,1.09792863410098,1.20805714599424,1.05767537603659,0.859627967436868,1.01393052565318,1.13639862715582,1.00392309698558,0.974787490382946,1.05571023061773,1.02817334263679,0.868432106712264,1.16420251501662,1.19658245390802,1.28565893874268,0.796438589167652,1.13363651674632,1.24759695201743,1.10582084172856,1.03355110935632,0.865993822058807,0.965931572916423,0.74251219056779,0.741580698040286,0.845034701008965,0.895678258809048,0.935270302169451,0.973451529533362,0.538074236473188,0.760657604292411,0.683106928700339,0,0.65287118021731,0.895892818461847,1.06366310767081,0.988381416222904,0.738193253443672,0.889494423904911,0.721344135937644,1.0312845750911,1.23511025821958,1.43807742112314,0.917135196021641,1.1603822050163,0.932628196777776,0.971894590961894,0.787691969574563,1.05941478189534,1.07596525681169,1.14540418600812,0.932522279776431,0.894225702810447,1.11368852209223,1.23884368602168,1.13408157736371,1.02129765915434,0.962532154157415
"018_HastaBh_HastaBh_segmented_complete",0.980501630831632,1.11546755445105,1.0708345549098,1.03936074905332,1.1324877403818,1.22332201187047,0.990076800809308,1.06745103464136,1.30619329861465,1.17449396550639,1.2277693779675,1.11200405878537,1.13182501726811,1.06789386320327,1.19333615581843,1.20404052773027,1.11271319399081,0,1.15629008249904,1.1352842600558,1.11369230616786,1.5638958810668,1.17394819353667,1.02997252515639,1.10968780644264,1.24232314358066,1.3673436798719,1.52769737864006,1.19482441032971,1.31578280209085,1.22747672057209,1.22238032550779,1.01366805121188,1.29991145406617,1.16793010250709,1.29003007224056,1.31916810842652,1.03139184691457,1.04925023573994,1.13094169974867,1.16038641619461,1.3544790122143,1.29902595952554,1.16420396972847,1.25670954687624,1.35024493569326,1.34949447644194,1.22006499101842,1.08716769181021,1.27618698000524,1.11435586723484,1.11109617436413,1.10894142050034,1.1944962925059,1.16421978312193,1.33384730288128,1.00419907028131,1.00237654080665,1.13182501726811,1.11271319399081,1.12774870036491,1.08152413769643,1.15798046792013,1.1511732219035,1.0252367995104,1.05419646850108,1.10170824260838,1.21659633695519,1.30237614912447,1.44967466268485,1.1078754377816,1.32216162508822,1.23706514433088,1.24587502100713,1.0943348220411,1.35806027141184,1.26732692913823,1.16636227632275,1.20872025360696,1.04387610507146,1.17938852973269,1.20818532751316,1.22245059021209,1.09979365367659,1.2792515252825
"Abhinavagupta_IsvPrV_segmented_complete",0.795583349960327,0.939889535861521,0.900301756314235,0.847578580571878,0.862834640518723,1.14606533982918,0.855558022028651,0.774388256596365,1.16443899358888,0.903169076398359,1.15378852400509,0.795057194520173,0.795539035573288,0.758895288155633,1.02316496249395,0.91689372856165,0.90695164121297,1.15629008249904,0,0.988095409909038,0.778882996605537,1.45090220796941,1.02327675921747,0.69322126736721,0.784377979415971,0.850108626026515,0.976506101256614,1.28498942914118,0.826393233872349,1.02823729065146,0.984121392957334,0.946662071777862,0.737101949119018,0.949051683341263,1.05993960774759,1.02996992100721,0.760616495626419,0.860406851272165,0.948428935709604,0.807965488237308,0.921607923858953,1.11878898035006,1.04986611368091,0.91248938996107,1.01413046024641,1.27428429441361,1.09275052316112,1.18008883100556,0.715766315440161,0.887878450364117,0.877644568010892,0.876581105033948,0.844800100589603,0.801984922913677,1.07444882070488,1.07500695032519,0.74309506524677,0.790681774358717,0.795539035573288,0.90695164121297,0.838060689827829,0.775430856322753,0.956035817876132,0.904424768076456,0.757258691359107,0.867715127497465,0.795351322727343,1.06818144650975,1.04718716882446,1.06507155154955,0.69617212198173,0.840133083443962,0.780377714564842,1.09935691716817,0.844292690960945,1.02957650066045,0.90221706788461,0.999738082792354,0.741019159124079,0.898807632244577,0.953708908182775,1.22626737524927,0.870769604839685,0.926981189791601,0.963271808801257
"Abhinavagupta_Paramarthasara_segmented_complete",1.01381449000837,0.719629190638445,0.848425117786183,0.72837805514756,0.728014363430631,1.05470800953318,0.899497943571609,0.843998696702612,1.0798941742318,0.994015305676488,1.14319730502688,0.831337219847936,0.901647923680302,1.06006291510373,1.01463129206725,0.748642865515123,1.02875708624986,1.1352842600558,0.988095409909038,0,0.599321417608276,1.51138650365418,0.661513286703065,0.842388307752792,1.04733277255199,1.05245052611933,1.35004875218885,1.54542589310408,0.882408515243719,1.23487910589937,1.27273547133949,0.988590288441657,0.759592492308306,1.11257969785915,1.19297955668582,1.03060544853118,1.02004287503173,1.23302788248922,1.10830106889527,0.800782426678315,1.29519179114236,1.12913006930283,1.03753141691131,0.942180137370453,0.908493746697106,0.901046463386268,1.08998777511828,0.768117080768021,0.997880034945447,1.02398492999444,0.663668647055995,0.662727083173624,0.959615985467645,0.99960565647978,0.899393663102624,0.84733727417271,0.866903229552723,0.950477827106912,0.901647923680302,1.02875708624986,1.0408069994115,0.978515950748605,1.11236818937968,1.00061712325344,0.773616816228639,0.984172074333124,0.710153442488335,0.80670664665213,1.41224752970993,1.60871791446007,1.04695780156891,1.35402127037455,1.01735626589057,0.810526824230826,0.799568658599984,1.09498871052104,1.15973552537042,1.3211040077785,1.02032748248036,0.730170186314778,1.24682359416769,1.16577215278603,1.14813111537843,0.843979614854461,1.20072786909257
"Abhinavagupta_Tantraloka_segmented_complete",0.829866578143456,0.522639988246401,0.569935856697978,0.525585940189795,0.494351869540135,0.835488674456643,0.69113743888561,0.556044058117564,0.81392944449295,0.776366157508089,0.919257293283129,0.472440324104081,0.574696152920578,0.740144050073294,0.713691686656988,0.526218601446038,0.696416219603486,1.11369230616786,0.778882996605537,0.599321417608276,0,1.35805379064202,0.510905975179734,0.550155761757785,0.788021833972005,0.760240473797369,1.04674711284633,1.29486011723556,0.564198676876759,1.04114480377801,1.0510649658274,0.783532841071285,0.448202148419115,0.861450848801605,0.986794300027137,0.888449209899054,0.828983583124603,0.959392622887634,0.945239166183742,0.553305711709944,0.993489881208009,0.897967403048238,0.88863215964519,0.673926430959396,0.717039387433532,0.819629582715927,0.889941688705976,0.704614623924593,0.726026203200222,0.749028543360958,0.424822829576666,0.426582891288256,0.739110193310819,0.727677396303169,0.727103545728971,0.660283111606258,0.574717815260478,0.755071183930395,0.574696152920578,0.696416219603486,0.726018313282988,0.760139784415913,0.918394430405209,0.697884611710523,0.468630874754383,0.688952855753202,0.4385977848783,0.689367840100891,1.14817609113864,1.37874577714779,0.79557198994611,1.10334788763549,0.67793014620248,0.633686931537236,0.435532725218655,0.85534094748969,0.951104231807954,1.0468689212627,0.834678059589054,0.579199660819612,0.980806906054022,1.08601769199623,0.959438908735963,0.741267628879944,0.942324432611508
"Annambhatta_Tarkasamgraha_segmented_complete",1.42857360499401,1.4136763436463,1.59110881039105,1.50792023859736,1.42289132292534,1.78285240806368,1.56940037168008,1.50449931550052,1.6593123693634,1.59712305049608,1.72319378881736,1.5510250184147,1.5652908438996,1.61152391770329,1.58625016921962,1.4516901099998,1.62746176089246,1.5638958810668,1.45090220796941,1.51138650365418,1.35805379064202,0,1.33735761078338,1.49765758140273,1.45994444051936,1.61972048623092,1.72326055742754,1.62129713133772,1.37219630666879,1.64113968379423,1.6158961015299,1.47566323320195,1.38662431881256,1.68535138089802,1.5997087526563,1.47561982309352,1.62367346733008,1.48246880909279,1.59051858249081,1.48111649396651,1.60155726879027,1.64695249569888,1.59003492161578,1.39569970381394,1.59164066013522,1.59232685671329,1.54338812949653,1.47213870833684,1.49774155128206,1.23310768468848,1.46704965401934,1.46218853661331,1.59248807390911,1.46958954809881,1.30035504398873,1.44870155177897,1.5210013965451,1.4972123453356,1.5652908438996,1.62746176089246,1.67012307745421,1.48396496062264,1.2783479377103,1.56954409063791,1.41691854560672,1.45064390379346,1.44200043077556,1.52604339798836,1.71138644382145,1.80786651082522,1.61043758116803,1.52851828235803,1.48696701871154,1.49664292834108,1.29999697516015,1.40030282033312,1.33885245075219,1.35865030850367,1.41365914472783,1.45735620324001,1.73828173446909,1.57456042763638,1.48774313167051,1.50508422541059,1.53948069346788
"Asanga_Abhidharmasmuccaya_segmented_complete",0.901146248514379,0.633922747541571,0.838778216415394,0.732444089637525,0.673123595989334,0.967633643197951,0.877877359250694,0.692504782355668,0.865631651844183,0.939479067778198,0.996825267174587,0.771074255380416,0.782355258632868,0.954962980592806,0.851902852881407,0.685180194537852,0.905200010864333,1.17394819353667,1.02327675921747,0.661513286703065,0.510905975179734,1.33735761078338,0,0.807792638138796,0.935443483812886,0.865767142211318,1.15015435337122,1.43488002873894,0.729149711740464,1.17060038958584,1.19745793226995,0.853322327654092,0.667320039941761,1.02588820238728,1.14044583095141,0.948059005811315,1.02048105337765,1.14334002371905,1.14094599305983,0.786778868364443,1.16907331550864,1.03456335728641,1.06202801117571,0.856555993698224,0.87086617749629,0.80122883999769,1.0186652580375,0.74911040472032,0.899177325994096,0.858390910920526,0.670525004623956,0.663415304707989,0.993131614545168,0.864387071964192,0.762501271800059,0.736811738671095,0.837663660539095,0.973891445551903,0.782355258632868,0.905200010864333,0.975750649643045,0.946084223066162,1.01317002630639,0.813784335235803,0.669735296077776,0.847076050487951,0.636278725516939,0.869366364188999,1.32612899882535,1.55590394456047,1.06355943792089,1.25033955443414,0.770842450947771,0.560899854838338,0.518208900081418,0.955859712439816,1.00786409627647,1.15210544818938,0.960521329107935,0.707036753683265,1.19723481006748,1.14588697413784,1.0890653459164,0.844876489027706,1.04702249932655
"Bhaskara_BhGBh_segmented",0.615339011783026,0.62786014930828,0.538936029008809,0.502975112719102,0.555164987108427,0.847186652411006,0.677727052886505,0.434331474718934,0.82133353628732,0.70852850727358,0.935461906090783,0.466616580346189,0.544747767533376,0.529329468680761,0.727806685285458,0.707623725563328,0.71377732010992,1.02997252515639,0.69322126736721,0.842388307752792,0.550155761757785,1.49765758140273,0.807792638138796,0,0.641153462052742,0.676674781724846,0.926538159021624,1.26831625604459,0.706036974010085,0.865765873102666,1.00086082126438,0.914421075185179,0.555102706860367,0.842404955049492,0.95752602634501,0.888771180084204,0.742262214323364,0.89859615359197,0.826310013264987,0.640526745503844,0.916898801745418,1.04883831156696,1.07107197403828,0.631344437616325,0.859622618517147,1.13558149314293,0.868690453100696,0.905290465855379,0.658443250723602,0.816425083988027,0.488004530413548,0.490030230725539,0.713868524760283,0.651150317477488,0.936530263800084,0.87889740541509,0.490110392301718,0.647722343281784,0.544747767533376,0.71377732010992,0.627812890510048,0.692120252157074,0.840775163729372,0.687204845545975,0.589192444191597,0.621083676012239,0.529055844373313,0.919673651318068,1.08383804380982,1.13959269133204,0.596087493203605,0.821835795515661,0.670855513683749,0.806625703223447,0.586288797960504,0.857988804478545,0.814777926677002,1.05798279204719,0.789991154250052,0.645564760420474,0.946438537237991,1.16826886458053,0.991001469967252,0.852543985288766,0.725974732539084
