"","000_vivarana_unsandhied","001_LalitaBhasya_segmented_complete","002_Pseudosankara_Sanatsujatiya_segmented_complete","003_Pseudosankara_SvUBh_segmented_complete","004_Pseudosankara_Visnusahasranama_unsegmented_complete","005_Sankara_Adhyatmapatala_segmented_complete","006_Sankara_ AiUBh_segmented_complete","007_Sankara_BhGBh_segmented_complete","008_Sankara_IUBh_segmented_complete","009_Sankara_KeUBh_segmented_complete","010_Sankara_KeUBhVakya_segmented_complete","011_Sankara_ChUBh_segmented_complete","012_Sankara_KaUBh_segmented_complete","013_Sankara_ManUBh_segmented_complete","014_Sankara_MunUBh_segmented_complete","015_Sankara_NrsTBh_segmented_complete","016_Sankara_PrasUBh_segmented_complete","018_HastaBh_HastaBh_segmented_complete","Abhinavagupta_IsvPrV_segmented_complete","Abhinavagupta_Paramarthasara_segmented_complete","Abhinavagupta_Tantraloka_segmented_complete","Annambhatta_Tarkasamgraha_segmented_complete","Asanga_Abhidharmasmuccaya_segmented_complete","Bhaskara_BhGBh_segmented","Candrakirti_Bodhisattvayogacaracatuhsatakatika_segmented_complete","Candrakirti_Prasannapada_segmented_complete","Dharmakirti_Hetubindu_segmented","Dharmakirti_Nyayabindu_segmented","Dharmakirti_Pramanavartika_segmented_complete","Dharmakirti_Vadanyaya_segmented","Gangesa_Tattvacintamani_segmented","Jayarasi_Tattvopaplavasimha_segmented_complete","Kamalasila_Bhavanakrama_segmented_complete","Kamalasila_Madhyamakaloka_segmented_complete","Kavirajayati_Samkhyatattvapradipa_segmented_complete","Kumarila_MimSV5.4-9_segmented","Kumarila_Tantravartika2.2.1-4_segmented","Madhusudana_Advaitasiddhi_segmented_complete","Madhusudana_Siddhantabindu_segmented_complete","Madhva_Anuvyakhyana_segmented_complete","Mandana_Brahmasiddhi_prose","Mandana_Karikas_complete","Mandana_Vibhramaviveka_segmented_complete","Mathara_Matharavrtti_segmented_complete","Nagarjuna_MMK_segmented_complete","Nagarjuna_SuSapt_segmented_complete","Nagarjuna_VigV_segmented_complete","Nagarjuna_YuktSast_segmented_complete","Padmapada_Pancapadika_segmented_complete","Prasastapada_Padarth_segmented_complete","Ramanuja_BhGBh_segmented_complete","Ramanuja_Sribhasya_segmented_part","Ramanuja_Vedarth_segmented_complete","Sabara_MimSBh_segmented_1_7","Sadananda_Vedantasara_segmented_complete","Samkhyaparibhasa_segmented_complete","Sankara_BAUBh_segmented_complete","Sankara_bsbh_unsandhied","Sankara_KaUBh_segmented_complete","Sankara_PrasUBh_segmented_complete","Sankara_TaittUBh_segmented_complete","Sankara_Upad_Gadya_segmented_complete","Sarvamatasamgraha_segmented_complete","Sthiramati_Tvbh_segmented_complete","Suresvara_BAUBhV_segmented_Arthabhaga_Ajatasatru_Maitreyi","Suresvara_Naiskarmyasiddhi_segmented_complete","Suresvara_TaittUBhV_segmented_complete","Totaka_Sruti_segmented_complete","Udayana_Nyayakusumanjali_segmented_complete","Udayana_Nyayavarttikatatparyaparisuddhi_segmented_1.1_1.2","Vacaspati_Bhamati_segmented_complete","Vacaspati_Nyayasutravarttikatatparyatika_segmented_complete","Vasubandhu_AbhidhKBh_segmented_complete","Vasubandhu_Madhyantavibhagakarikabhasya_segmented_complete","Vasubandhu_MahaySABh_segmented_complete","Vasubandhu_VimsatikaKVr_segmented_complete copy","Vatsyayana_Nyayasutrabhasya_segmented_complete","Vedantaparibhasa_segmented_complete","Venkathanatha_Nyayaparisuddhi_segmented","Vijnanabhiksu_Samkhyasara_segmented_complete","Vimuktatman_Istasiddhi_segmented","Yamuna_ Isvarasiddhi_segmented","Yamuna_Atmasiddhi_segmented_complete","Yamuna_Samvitsiddhi_segmented_complete","Yuktidipika_segmented_complete"
"000_vivarana_unsandhied",0,0.569916038531595,0.599226558309396,0.564597102791552,0.555789814279707,0.668192537269073,0.679016962347142,0.576948687183253,0.779857019950583,0.716510339399107,0.721061050889193,0.555604469786543,0.672535674043148,0.623207936695861,0.653285392953112,0.552943779321252,0.686155734654723,0.762054487478867,0.524006825156126,0.525292391251864,0.470648204721767,0.809281382316778,0.519083945665491,0.52980904105818,0.65590109801577,0.671935291567907,0.765085905438613,0.773088064600032,0.522552920043182,0.716288765342474,0.71928059920932,0.621462085419883,0.550131973044535,0.605240165785645,0.716548640942529,0.678038837022049,0.75883423576344,0.733839046493459,0.788867590415299,0.500485493797929,0.667984203531802,0.68207458677556,0.608485959489977,0.621711288915664,0.610458259634476,0.588280812873382,0.707166283923051,0.501992503314913,0.595013939234927,0.650843388293307,0.593145834765503,0.589492833390262,0.715458889149323,0.782016771054727,0.683594850198889,0.603171000909118,0.489241306688764,0.607998427105419,0.672535674043148,0.686155734654723,0.645379030242862,0.756497908906428,0.740679308987972,0.624611778935177,0.525255497574462,0.603072266932914,0.56916612946723,0.616052908259888,0.754984616248965,0.87154897031191,0.67882786902555,0.77356203007581,0.605566042439363,0.627276804154123,0.536438718099144,0.624210744602835,0.651764170945484,0.773915556721115,0.597112729830812,0.610400534789409,0.664955709453246,0.760899166444345,0.723504990430505,0.673355706666323,0.637246741851549
"001_LalitaBhasya_segmented_complete",0.569916038531595,0,0.453918508360814,0.38681283588379,0.339042044717214,0.467863318525618,0.522209964918323,0.49922339707341,0.552229908972018,0.545584075003492,0.518878481767024,0.470613391970826,0.50268005085053,0.570264315834921,0.462954572257281,0.359086331389509,0.552087636828157,0.573766347278572,0.47228924869498,0.283348501709604,0.271571343280059,0.583240091958088,0.355812038363953,0.449273796358555,0.630847592210341,0.69132741604137,0.641102353208917,0.568359545259934,0.412047650638159,0.616191475315208,0.656515658071637,0.519363868582616,0.409085631724709,0.536218610946973,0.582872923106821,0.502600724808122,0.610081779558827,0.714083119588201,0.61604101552488,0.370207837366859,0.695593542360137,0.462912964715749,0.37857872106307,0.501130100146107,0.414487389602462,0.345170467938988,0.532871084821395,0.256208864744916,0.613046758847374,0.509321927206992,0.433488672365303,0.431161508290411,0.595823570295908,0.766168136951792,0.41848197940972,0.379616499625971,0.495609868329827,0.655429542703652,0.50268005085053,0.552087636828157,0.570920230423372,0.581663587690382,0.60480271123399,0.499547931897939,0.381083038455753,0.480535790707772,0.377820718965805,0.391730135518176,0.771552924450495,0.97884162360043,0.716070499113813,0.892943771196021,0.469963110470805,0.415899027519782,0.385934281577219,0.420121755943688,0.66343412724344,0.643425419035235,0.57616970502397,0.424404928183308,0.636597231390846,0.575346117312814,0.626837967850773,0.438592437478228,0.736104482175532
"002_Pseudosankara_Sanatsujatiya_segmented_complete",0.599226558309396,0.453918508360814,0,0.357918412821542,0.440285992285866,0.535515223019012,0.582207007442454,0.512276274920163,0.638044502896625,0.603650073310944,0.61464949056646,0.515813663465689,0.521616136162314,0.591039908627849,0.54454173567748,0.446127961663632,0.583803016700597,0.617422061229632,0.521533327202498,0.370884397673304,0.364222522887868,0.690351803323225,0.432948536087653,0.487174793561835,0.675128958925525,0.71882653778412,0.721347795127011,0.65327178198761,0.480849228332559,0.693279555566403,0.767071804587739,0.617138222590696,0.446253398311213,0.615120979994768,0.669120166994176,0.589021415102925,0.694686492689727,0.812175231965122,0.693013163904021,0.435787201320459,0.761144252437027,0.538762756452373,0.468964215185673,0.570776405583503,0.489802199118144,0.437492080088378,0.615093095149603,0.350184047987578,0.663863068644816,0.597096611645665,0.450581613295632,0.446735342955175,0.608838855233542,0.840284315875467,0.548924426332636,0.439732715756063,0.549508429683204,0.698976092185053,0.521616136162314,0.583803016700597,0.615765639224445,0.641993811794397,0.661030573969688,0.559054062931764,0.434319031374951,0.519999710126545,0.443955210154781,0.482625250226801,0.871041044432968,1.05654735378488,0.794594348603375,0.97220413337151,0.55306650964576,0.515282861970436,0.46813568338708,0.514953591442329,0.756253415721919,0.754813337687594,0.656264864681108,0.483891905716565,0.723505326785483,0.663200960675198,0.713697191124201,0.530699019211059,0.776814899227452
"003_Pseudosankara_SvUBh_segmented_complete",0.564597102791552,0.38681283588379,0.357918412821542,0,0.355796680792733,0.459360310193564,0.497371396265475,0.468619627204892,0.580238421360236,0.55471634982385,0.540030322002339,0.479614576548804,0.467753996212895,0.552952827421346,0.432609510532425,0.377476612409219,0.54022580944332,0.583155777961953,0.476861666947065,0.308827871149427,0.300447367216336,0.618118777500771,0.378219397664643,0.441286054127637,0.627116056710514,0.690517175774089,0.661230563031199,0.589351345444446,0.429705398750433,0.631317566998911,0.708992679248038,0.531285312621727,0.403212696627689,0.563383846014151,0.594715439520649,0.519596780565482,0.623280130284976,0.765526413904306,0.630633316917928,0.387755652545482,0.727895623506877,0.490631696997729,0.405979935639427,0.496066156468957,0.437478145227512,0.370371534857182,0.554725164407516,0.282813132613583,0.61288852806185,0.521382460420022,0.414590808210656,0.412615131222539,0.580671066647251,0.789365365127384,0.478739152171947,0.372370039464038,0.482824439687856,0.649758057545956,0.467753996212895,0.54022580944332,0.54849386525457,0.569663847586483,0.603687498197512,0.502123272955004,0.373135472006494,0.474284465229142,0.382382458604005,0.417207013653299,0.813039796962858,1.01828262911855,0.739782314175453,0.931882862972727,0.495919067712664,0.445341991295309,0.400076686526807,0.456521402010847,0.6914050293535,0.699747042017461,0.603684937087554,0.409513071832496,0.649788849809005,0.599051414543648,0.631316123006596,0.454352323271248,0.729315749748744
"004_Pseudosankara_Visnusahasranama_unsegmented_complete",0.555789814279707,0.339042044717214,0.440285992285866,0.355796680792733,0,0.439095926992097,0.511427863141724,0.472843335272466,0.566931315084307,0.493781517124784,0.509806538689065,0.466691534968646,0.461533960526342,0.533422412352162,0.430142943574221,0.360772464755487,0.495363694529918,0.57253607068218,0.466567718499951,0.277955275940871,0.273717538255477,0.588075820205897,0.335525039221818,0.44126349655817,0.613263388430198,0.672731108691565,0.633253466492596,0.555545667556612,0.388643857623047,0.615273593980252,0.686639664565446,0.508145143266586,0.392407504411375,0.523238528038775,0.570191131140879,0.499638775395477,0.603331499314765,0.771149423210761,0.618264211176727,0.343314054323913,0.703865245839226,0.452770302797888,0.375043338256476,0.476331332505664,0.393841750648713,0.33867678552413,0.526127272886336,0.249399631494681,0.614477663189494,0.489406215467037,0.431402983266996,0.428239138308165,0.57494080707902,0.750211502261313,0.450584782204816,0.343787211717133,0.479085225068474,0.625626957724304,0.461533960526342,0.495363694529918,0.530318741461187,0.545518421326987,0.596526905704817,0.481277651289229,0.357039560784966,0.463578052241889,0.356024385196088,0.390860022738801,0.780650754836276,1.0231248332342,0.744339340201428,0.921221847180289,0.459035895868056,0.404562850493614,0.373311353864978,0.415005754920205,0.647974600750311,0.692645753085871,0.568161192842255,0.406175500947425,0.634979093057812,0.575831510118088,0.63309313161358,0.414601048659745,0.722921567258939
"005_Sankara_Adhyatmapatala_segmented_complete",0.668192537269073,0.467863318525618,0.535515223019012,0.459360310193564,0.439095926992097,0,0.547297814196493,0.519563604140526,0.570502678721915,0.546245257022941,0.562239031859707,0.539193769592461,0.544317691329464,0.630733024496266,0.48666307552989,0.441868873778356,0.568441839242792,0.597290935136832,0.586771711209889,0.32212611352409,0.349609925804315,0.634713821269593,0.394528884807267,0.52956532391479,0.727322775486122,0.778244510110065,0.662553106155378,0.612165506007416,0.460076892030783,0.674672071576331,0.756464558924756,0.569783151975821,0.443422727701092,0.621459428123865,0.618724486821346,0.556958097288365,0.679051524273525,0.865786002786221,0.681193118930197,0.453434358951478,0.807626673598203,0.480944562611206,0.411356957566242,0.596521401530872,0.456987043204528,0.384463786289288,0.57444762552866,0.296316277607563,0.715331434701433,0.570510373916803,0.496982560213894,0.494718233768201,0.679781646293037,0.850139359663797,0.50657413695429,0.392536424271364,0.564618935793869,0.752682713135849,0.544317691329464,0.568441839242792,0.628880088152874,0.569272902387914,0.656791240321962,0.550733376495255,0.460074704711954,0.534676908264173,0.429238071761241,0.424755519294938,0.861274699200757,1.11411591566501,0.862599066978061,1.03170282226129,0.535945794113958,0.448063069507589,0.451947893269513,0.448848240961707,0.754312061105641,0.750917774794315,0.659047871189956,0.46846193246265,0.713825287123953,0.60358618118543,0.685438104376584,0.483370831738284,0.835704767080771
"006_Sankara_ AiUBh_segmented_complete",0.679016962347142,0.522209964918323,0.582207007442454,0.497371396265475,0.511427863141724,0.547297814196493,0,0.614090450650789,0.651776644204007,0.577518363649075,0.597427776344116,0.571510808628149,0.57838276837805,0.635379133806264,0.536869808592778,0.500305165286428,0.587847202533714,0.640621092130166,0.622902575836913,0.417836245902994,0.424306495347558,0.713976427243693,0.482849871924601,0.575232852094639,0.764444924846567,0.814086798473079,0.740563725492917,0.701801382565218,0.523592495142826,0.694114140672841,0.811966045211504,0.630388349127923,0.541468611844303,0.674286770994786,0.693367015861502,0.617768573271714,0.721333533142393,0.863976015433263,0.737051573482965,0.504747491117544,0.811189307830575,0.578290994732562,0.504486280865441,0.62710863000232,0.523310596510545,0.476997246504239,0.613674233410627,0.388380044960305,0.73361798623411,0.635234344276108,0.592057276793311,0.589201822395963,0.722225897875063,0.871708378172405,0.57951280817597,0.482744351230729,0.550824032227428,0.758250323754248,0.57838276837805,0.587847202533714,0.637883598095504,0.599030088155102,0.726402759165078,0.622885177091983,0.493509142943829,0.577804782870493,0.490537327218682,0.506752813239901,0.898234729938525,1.11918782708469,0.870465483158993,1.04321135294911,0.571487065061225,0.529881344961549,0.526934738415471,0.537578385816828,0.753844791133303,0.767965353585405,0.704433453459523,0.553538501879739,0.741190282909066,0.695489314809361,0.725333957395658,0.542674064898209,0.847699006926176
"007_Sankara_BhGBh_segmented_complete",0.576948687183253,0.49922339707341,0.512276274920163,0.468619627204892,0.472843335272466,0.519563604140526,0.614090450650789,0,0.648258680403631,0.605831791398829,0.637138929014822,0.467175409848419,0.527115351835895,0.550030492833657,0.522217551834902,0.483026830885062,0.597477868083786,0.688750387201689,0.537990594240343,0.437394909912257,0.40848553186699,0.752451454860628,0.476835523946607,0.459481317831237,0.717128168932067,0.718311545498814,0.747131328393877,0.729782755384715,0.51562167069222,0.703029233043004,0.771728851729126,0.645128064586492,0.501754700328398,0.630313742947971,0.718960972418331,0.643161697471828,0.723528284479808,0.809266733647446,0.734604269124271,0.468074855393849,0.765138271948569,0.596360605420146,0.531181613572031,0.581249257284189,0.553496829256505,0.499843783303665,0.665986339409471,0.416555773364592,0.645664489441389,0.609361202605583,0.437920894970947,0.437916911215749,0.673486915635345,0.816910745267517,0.617916182633971,0.484784314641867,0.477411243444362,0.663875350493263,0.527115351835895,0.597477868083786,0.606816356254209,0.674432511572325,0.695664078265369,0.590785515776093,0.479335297724779,0.54533999632574,0.490145671881721,0.540347783543399,0.833863275150198,0.979034911723547,0.734758951451199,0.878455421883652,0.589372561058942,0.548891064692104,0.49725443586201,0.566856018182474,0.720436048634085,0.785810545539189,0.629324879633061,0.573032930648556,0.709872141996812,0.717870515477833,0.723781134419738,0.585635335561896,0.746307389332109
"008_Sankara_IUBh_segmented_complete",0.779857019950583,0.552229908972018,0.638044502896625,0.580238421360236,0.566931315084307,0.570502678721915,0.651776644204007,0.648258680403631,0,0.671172593101271,0.665394740986102,0.641336560406988,0.633405476435282,0.725571839329881,0.590388210445113,0.54402883833338,0.673871758870685,0.704883563166891,0.699856101627638,0.44158276190335,0.460654426683965,0.767184793180628,0.504226430231528,0.647961787703002,0.834821228741059,0.890583095483257,0.781743826137835,0.71242831036527,0.59045008761935,0.779951288367211,0.887411412558209,0.682350842780617,0.57406138627654,0.742631130084162,0.750038102925589,0.669012767587132,0.754240491762721,0.988988460852321,0.800460784104608,0.570161516203042,0.910171978617862,0.601550475229639,0.535356556463242,0.659019081033842,0.563011176651023,0.493885060032158,0.680643301863695,0.410406892395896,0.816044320992404,0.696624752295118,0.634309508375633,0.631489516225159,0.78646832780786,0.960044733741285,0.609627247887965,0.537827559500443,0.684733364255747,0.882293337168314,0.633405476435282,0.673871758870685,0.738840641674463,0.707382491245994,0.769745224244423,0.633646511298395,0.578089925585062,0.658674397214516,0.564448848008526,0.541329909573108,0.998015251727572,1.20664861769684,0.968922562365956,1.1180268273565,0.63870552094441,0.573228454843738,0.548890587768388,0.573227418097684,0.875432139337693,0.883684141896717,0.796614350538718,0.6026433606893,0.847561283791976,0.743146785228436,0.842537393405476,0.603281994670858,0.93632676615004
"009_Sankara_KeUBh_segmented_complete",0.716510339399107,0.545584075003492,0.603650073310944,0.55471634982385,0.493781517124784,0.546245257022941,0.577518363649075,0.605831791398829,0.671172593101271,0,0.624254865552582,0.549950380160612,0.566283910908507,0.672444544845752,0.540592862149613,0.503354663090092,0.631204107939472,0.701837882245526,0.664539403396889,0.449307852684059,0.448754322673253,0.734982028583413,0.508652308873002,0.60313859253484,0.808082472998692,0.850130202881052,0.755374562403856,0.712262472739267,0.55318123707504,0.739462542595089,0.822279980325425,0.655358450837318,0.558887391671623,0.714084365478028,0.7148844637027,0.647759259232084,0.72305305560516,0.887426239238363,0.740854754735255,0.548771213150825,0.863452115632757,0.597997135835774,0.516083382777335,0.649273226968281,0.56129649156435,0.501805696781558,0.682579912819121,0.413454221540822,0.7521556365267,0.625002530255723,0.601313289691072,0.598202453587667,0.71749848583488,0.89930922597986,0.614185468580045,0.528212014661512,0.604010161965531,0.78850165661907,0.566283910908507,0.631204107939472,0.661918183411532,0.687648797792927,0.754449657501021,0.639379677851712,0.547863014036052,0.598242484546105,0.522801827437808,0.556666009257465,0.92410500850279,1.1116516842757,0.881834902910038,1.05797878751501,0.617615430228423,0.572121010117969,0.527945099929294,0.555816249216734,0.794019799650194,0.788842952903207,0.729582720758458,0.575081073555853,0.77710296563783,0.717903097045662,0.79066431437255,0.599145563008608,0.864876508437226
"010_Sankara_KeUBhVakya_segmented_complete",0.721061050889193,0.518878481767024,0.61464949056646,0.540030322002339,0.509806538689065,0.562239031859707,0.597427776344116,0.637138929014822,0.665394740986102,0.624254865552582,0,0.633426056036721,0.622559801940705,0.697317541075598,0.557674766065259,0.525636762136285,0.645093105267701,0.676222307983146,0.65737859198042,0.40847603696294,0.440418766697086,0.737054956354257,0.499227528677521,0.619839897361797,0.791938061372831,0.852282332907682,0.739058425099795,0.675232512312694,0.551015014470607,0.71519769570772,0.768858558558838,0.609945588782523,0.542978687080734,0.696672290563589,0.710879191815891,0.658630953949684,0.74547758013254,0.867957510244956,0.748035606235548,0.540119720777684,0.803105356200514,0.572614315039139,0.512116331080046,0.650474846082376,0.548702892081956,0.470694979911216,0.648751889555042,0.391752373385426,0.738970326595478,0.632614369276366,0.60423733746498,0.600513914660606,0.738561705878591,0.926380365913306,0.572644503857927,0.492985990105232,0.646263178623691,0.81899161026639,0.622559801940705,0.645093105267701,0.683002169164747,0.643908238113521,0.724420281534479,0.63360592721982,0.539491023765416,0.593057689569036,0.530785121871652,0.519387720496416,0.883762113078768,1.16612048776787,0.914529142600872,1.09341979688773,0.563977851357267,0.544694139518176,0.526480431772891,0.542422826995846,0.809409662222369,0.785108532787161,0.730317938990541,0.56200265329733,0.754424939205347,0.656999027419253,0.759470289336053,0.537562634663718,0.875542175966491
"011_Sankara_ChUBh_segmented_complete",0.555604469786543,0.470613391970826,0.515813663465689,0.479614576548804,0.466691534968646,0.539193769592461,0.571510808628149,0.467175409848419,0.641336560406988,0.549950380160612,0.633426056036721,0,0.503763329711008,0.521823408232507,0.512782307539222,0.423935661171438,0.56566127663182,0.686495804105673,0.53659903365029,0.425655186931719,0.37781086231123,0.724151411043755,0.46999473173615,0.484911928874504,0.705972804048074,0.725988536964239,0.756996813704864,0.712459575229363,0.511518610440373,0.723204497278015,0.770683561234522,0.634310601439297,0.49540823251837,0.612535732229953,0.706583798937581,0.636710025154554,0.720498682121136,0.799607863906276,0.741324205130937,0.461977036381937,0.757726026183058,0.59319860059549,0.518906195879608,0.579250794521953,0.546221335055945,0.4871001701105,0.64332644660439,0.39706779596538,0.645112099930305,0.602072000706776,0.478845623809321,0.47751139328175,0.64773421187507,0.767251647678214,0.592614852410921,0.501902583060537,0.373802580234959,0.579605935331988,0.503763329711008,0.56566127663182,0.545707707086142,0.686158598478599,0.731987536380797,0.583281722813514,0.445708289874818,0.546205469375155,0.475131670470663,0.521120040104844,0.820163108577683,0.978121198274122,0.693494650757915,0.892055226590851,0.565320173671288,0.53801230755929,0.479501869590162,0.548298256475376,0.724653802558859,0.779903693833501,0.636699946927755,0.547013525406803,0.709999838026638,0.696272148755726,0.715721821359399,0.56673317177902,0.747352104173857
"012_Sankara_KaUBh_segmented_complete",0.672535674043148,0.50268005085053,0.521616136162314,0.467753996212895,0.461533960526342,0.544317691329464,0.57838276837805,0.527115351835895,0.633405476435282,0.566283910908507,0.622559801940705,0.503763329711008,0,0.558074786470553,0.52191116194552,0.477718516943046,0.601466348593443,0.697748372264286,0.59628967427795,0.418199377560543,0.41050726573019,0.710534362132828,0.464788879418266,0.556957387531057,0.71271184968186,0.769003777665222,0.756861794419514,0.696676186432232,0.510676309161626,0.729257930285971,0.808172397491886,0.635239299417856,0.509367203863681,0.66247412543731,0.689184411903036,0.622141406110629,0.701209304784846,0.8759900193905,0.735049549313988,0.50285119260639,0.837291769580004,0.610291501991009,0.503212393989426,0.595344387503885,0.526756426285063,0.475588392298061,0.655551914357208,0.389453918174526,0.7077277956345,0.609922828131208,0.536731563177818,0.534248381784422,0.688242653604301,0.847727322904543,0.570501124476578,0.484626172564261,0.561159556378135,0.774660368376453,0,0.601466348593443,0.613970346802838,0.655677568745683,0.694848955774627,0.58493725241703,0.486236936976045,0.537046912605008,0.449704439752391,0.518746764678983,0.887588543878353,1.07991227276943,0.835512935425393,0.998182502046567,0.567964684422743,0.53566487765547,0.495896754102578,0.549260830514744,0.765544651808207,0.810567683608267,0.715965718819049,0.549529302314328,0.755421656891841,0.706487312545837,0.707470463149542,0.558406264693106,0.805663082159759
"013_Sankara_ManUBh_segmented_complete",0.623207936695861,0.570264315834921,0.591039908627849,0.552952827421346,0.533422412352162,0.630733024496266,0.635379133806264,0.550030492833657,0.725571839329881,0.672444544845752,0.697317541075598,0.521823408232507,0.558074786470553,0,0.6228925055815,0.538905338435133,0.637581074857491,0.701516788498799,0.601805607456589,0.495047686247809,0.468365571637836,0.799116106180753,0.528879177042152,0.563058859951556,0.732462292140715,0.771148503893757,0.789913689126012,0.728803701558019,0.56176894869622,0.741063616342046,0.793255888294801,0.681656085721733,0.555227749841202,0.642929668195024,0.749358114001598,0.682899351361827,0.768438378752937,0.866447591370792,0.784017908405331,0.531539748885003,0.79542341034612,0.662322703746295,0.586346356501486,0.63813286899553,0.58748419303532,0.559738763589459,0.685946386176466,0.470033670313636,0.707295551613483,0.65651724430831,0.602595809086531,0.599303233573313,0.70948358174095,0.846758961089926,0.657798119051263,0.569178499406975,0.524340591979952,0.688622266008705,0.558074786470553,0.637581074857491,0.606246424274325,0.70611619532978,0.781442275327598,0.658388936673877,0.504605909068803,0.592382441979154,0.520386390666025,0.594410969443337,0.84099119510287,1.0046115361805,0.808224635891399,0.923956952945401,0.607478840843563,0.597064406954906,0.551659387969154,0.61487667427935,0.744863797144462,0.811932828602515,0.698869174646453,0.603532296251029,0.710482713058167,0.758800307984928,0.752662616201446,0.603531190935221,0.790122483593228
"014_Sankara_MunUBh_segmented_complete",0.653285392953112,0.462954572257281,0.54454173567748,0.432609510532425,0.430142943574221,0.48666307552989,0.536869808592778,0.522217551834902,0.590388210445113,0.540592862149613,0.557674766065259,0.512782307539222,0.52191116194552,0.6228925055815,0,0.43997465289338,0.556964635061984,0.623617889317005,0.581150212892235,0.361710906865441,0.373970538081271,0.674138186187943,0.425348784127054,0.519021336320596,0.730531498268777,0.785370619058076,0.698066009942402,0.63072562882721,0.475398412872038,0.671608185302495,0.779897348807222,0.569321049113749,0.494047195058686,0.63900791169426,0.650201055239542,0.572653481822479,0.657947457864424,0.836425436154891,0.682494243409247,0.461382368714962,0.80528971252326,0.53532002853787,0.457143570232895,0.555867296535766,0.480321622717356,0.414985589776923,0.594866746528945,0.335366943439246,0.683359035276796,0.587503420857567,0.520190445907656,0.521387028574092,0.693882710326995,0.847292131747825,0.538108482133734,0.441224124352746,0.547541776225724,0.767692643730995,0.52191116194552,0.556964635061984,0.593030750577658,0.614986649065025,0.667967007785771,0.576017744300231,0.461997579947193,0.532721722766159,0.45588097256143,0.468456608935239,0.878344126278257,1.09899222283075,0.841808735495882,1.01119287342356,0.557715475343027,0.465106689999713,0.457560306151834,0.490121969674096,0.758642714354701,0.725669865420538,0.66764745260624,0.509180422029141,0.728169947433601,0.634738749088506,0.705919561375567,0.509021193287935,0.812439319598256
"015_Sankara_NrsTBh_segmented_complete",0.552943779321252,0.359086331389509,0.446127961663632,0.377476612409219,0.360772464755487,0.441868873778356,0.500305165286428,0.483026830885062,0.54402883833338,0.503354663090092,0.525636762136285,0.423935661171438,0.477718516943046,0.538905338435133,0.43997465289338,0,0.515240806502413,0.573010405210554,0.476939322495951,0.269592973832498,0.265598998314783,0.579580527968563,0.34325060359949,0.445512885243104,0.642913031882113,0.683636877320636,0.634363181353914,0.568640782852551,0.405145211212151,0.614709908340771,0.681998736537269,0.514864141358351,0.394333402860201,0.560566141809789,0.575694134446707,0.500319911419032,0.59326886001694,0.769319094932095,0.628743211132828,0.371022704054988,0.71725017607732,0.464158261855272,0.358950279787488,0.513422623755713,0.396881006756132,0.330874038554798,0.518864131741678,0.239088675190772,0.621351465180902,0.514998249765472,0.440423106213561,0.437332269202562,0.595211581912066,0.712602727141376,0.452888990432578,0.36354853594056,0.464329161951556,0.638641072811454,0.477718516943046,0.515240806502413,0.534049720395685,0.574112355453804,0.613855764501267,0.488155190371417,0.374871736773008,0.471232021434623,0.370059128828941,0.377217069754046,0.784732228009402,0.99809332865417,0.725091362665134,0.891508321298319,0.456543047887466,0.410178407761595,0.382499297837536,0.418915163112238,0.676582108089329,0.69556636184415,0.574827683026174,0.42325740140378,0.648743389101542,0.564298769212655,0.635318472187863,0.431201420646475,0.733976436429813
"016_Sankara_PrasUBh_segmented_complete",0.686155734654723,0.552087636828157,0.583803016700597,0.54022580944332,0.495363694529918,0.568441839242792,0.587847202533714,0.597477868083786,0.673871758870685,0.631204107939472,0.645093105267701,0.56566127663182,0.601466348593443,0.637581074857491,0.556964635061984,0.515240806502413,0,0.665149132698979,0.633811544826606,0.431363113024887,0.433313852021087,0.720530244304277,0.481914339376999,0.583984423296957,0.766345237596019,0.810922223176936,0.720789875856516,0.701325631715711,0.526030658095301,0.714417434132701,0.810839237665304,0.660565363282639,0.550042949134501,0.691396769812428,0.675834572530458,0.629782043454284,0.72902829078689,0.906574224162906,0.746855574201458,0.5114962533683,0.840414861231025,0.608507308437532,0.52727791522138,0.62326083179883,0.529437960755619,0.49639819530061,0.653832159094506,0.413945058562256,0.736912091121875,0.636169564688894,0.594866694988781,0.594121201346339,0.710006607448006,0.91106869403721,0.595850550142062,0.50087655330178,0.577207350694049,0.756447544745988,0.601466348593443,0,0.633687894784117,0.674572226965247,0.748854710092583,0.621393965656838,0.531782572072725,0.617379760818974,0.515728858662354,0.543332029226067,0.906098537574707,1.12792871749396,0.888258744104562,1.04822993478143,0.576777604298415,0.53807218655404,0.521312884016675,0.545571372159633,0.788782359220917,0.813420438761217,0.722027964519295,0.557156926550146,0.778687891025483,0.686095781332524,0.73168115639858,0.591438314608516,0.806711647375086
"018_HastaBh_HastaBh_segmented_complete",0.762054487478867,0.573766347278572,0.617422061229632,0.583155777961953,0.57253607068218,0.597290935136832,0.640621092130166,0.688750387201689,0.704883563166891,0.701837882245526,0.676222307983146,0.686495804105673,0.697748372264286,0.701516788498799,0.623617889317005,0.573010405210554,0.665149132698979,0,0.675709825435052,0.431048732231838,0.46033447012392,0.708919572664107,0.524533042328704,0.644598362520252,0.818902506871022,0.859929268641816,0.768190150125691,0.685935250804098,0.579747377090162,0.753533508919455,0.840809062451779,0.667097859631979,0.570213731283393,0.711038117876997,0.715963956974475,0.65970265814434,0.783543514902021,0.92965380853604,0.761773807621688,0.559491755016388,0.895214707929878,0.597894180531373,0.522081622468971,0.671339299575811,0.56364732897576,0.500378798249845,0.643565775134502,0.407783779306668,0.812337279607006,0.685842454784256,0.652838954258924,0.649509574029738,0.77944106610977,0.930776274776886,0.609570819169822,0.533327988688844,0.682494328226542,0.86096343194752,0.697748372264286,0.665149132698979,0.746386781698443,0.708066892294608,0.775483797386812,0.65605368495552,0.573224470824573,0.639049037156554,0.545936377307346,0.525184393541851,0.941750667174856,1.1610348226798,0.956250785086566,1.12260698737071,0.620275565525024,0.58848985832943,0.563856559829125,0.560812060685048,0.844808761164764,0.817984308253653,0.77061540524131,0.576117872907871,0.782054907338085,0.694124103622312,0.768596482571782,0.540417169876002,0.934170419195071
"Abhinavagupta_IsvPrV_segmented_complete",0.524006825156126,0.47228924869498,0.521533327202498,0.476861666947065,0.466567718499951,0.586771711209889,0.622902575836913,0.537990594240343,0.699856101627638,0.664539403396889,0.65737859198042,0.53659903365029,0.59628967427795,0.601805607456589,0.581150212892235,0.476939322495951,0.633811544826606,0.675709825435052,0,0.40206728381465,0.35695441172872,0.683904142655546,0.439101498543896,0.495768671586132,0.602458019885278,0.656465310956716,0.660275981739634,0.643602633078408,0.456330748906654,0.637567440949023,0.639209817370871,0.536184963082267,0.462375234667593,0.519171967180853,0.665029843640217,0.579817712554896,0.693165357295175,0.681626302491922,0.699491679430702,0.439739737220804,0.659333401662611,0.578013187616461,0.485491300753824,0.589502864239505,0.508998492483747,0.465106290677302,0.610158961871916,0.377490513715766,0.584739616530665,0.589011770536095,0.510123755713446,0.506393417033063,0.656505331655655,0.760287415494733,0.569504701558217,0.481926668305874,0.511661545689315,0.646686461120043,0.59628967427795,0.633811544826606,0.625199743053112,0.681316785140998,0.687547494517751,0.555230422009802,0.436729468217328,0.530736208596444,0.466409766174228,0.487470000382754,0.715788838298398,0.845284735554565,0.652058493988757,0.762760642834861,0.532179139780121,0.513234419583279,0.443812763755215,0.54016941907061,0.660815430997157,0.724238751945262,0.560584954768042,0.5139265792274,0.600927035504228,0.672624929915163,0.63746567360086,0.52914098837358,0.679697319811927
"Abhinavagupta_Paramarthasara_segmented_complete",0.525292391251864,0.283348501709604,0.370884397673304,0.308827871149427,0.277955275940871,0.32212611352409,0.417836245902994,0.437394909912257,0.44158276190335,0.449307852684059,0.40847603696294,0.425655186931719,0.418199377560543,0.495047686247809,0.361710906865441,0.269592973832498,0.431363113024887,0.431048732231838,0.40206728381465,0,0.151270583659863,0.42250939163813,0.210609805057236,0.382311003093765,0.551497619550534,0.600458072324872,0.523519049598871,0.426502346308699,0.292276297723513,0.49301060110744,0.596747603342412,0.387807764635146,0.272170141520836,0.446839865465805,0.446579701869009,0.37455425133203,0.493653900416309,0.710938866387443,0.520813392263647,0.266300385716809,0.659048303192582,0.321235092232024,0.213488698288325,0.410025308968596,0.251389130016486,0.168010733013011,0.370690258503453,0.0887564310220938,0.562690344893651,0.398311699307696,0.361730780453506,0.358402198730777,0.521295010773242,0.690905776243477,0.319952282743413,0.217163643015089,0.455188471605447,0.62587030884122,0.418199377560543,0.431363113024887,0.51047249974586,0.446770999544015,0.498120613831279,0.374829281011602,0.286612913305831,0.363607571620528,0.275315487407488,0.224825389793596,0.722189248399303,0.986343187893432,0.709292833497081,0.889671551077956,0.340349608166714,0.275005437113349,0.265520449024719,0.272670540200106,0.592022898666222,0.607670451598214,0.515234310844715,0.29867442341696,0.55232243783187,0.425759516952292,0.515959572596755,0.290752633892983,0.678438422517204
"Abhinavagupta_Tantraloka_segmented_complete",0.470648204721767,0.271571343280059,0.364222522887868,0.300447367216336,0.273717538255477,0.349609925804315,0.424306495347558,0.40848553186699,0.460654426683965,0.448754322673253,0.440418766697086,0.37781086231123,0.41050726573019,0.468365571637836,0.373970538081271,0.265598998314783,0.433313852021087,0.46033447012392,0.35695441172872,0.151270583659863,0,0.466885591914196,0.209895414018572,0.37302533329581,0.523056909364848,0.555045607525723,0.522867206804374,0.452672893809773,0.272663794831553,0.500221555993597,0.575529886950995,0.400161837328302,0.275331548680287,0.418784999131824,0.470208037511852,0.374932261548778,0.512265145124013,0.649359571894087,0.540214090507556,0.240363248527102,0.610678180515889,0.342324396058224,0.244972884742656,0.405263383027031,0.273835479133469,0.214213823582865,0.398802866100451,0.121617999449575,0.533791192787559,0.403877330981523,0.348559230213083,0.342730440722963,0.51557061348844,0.62795252650717,0.334128056311992,0.250021341398117,0.393588981027695,0.559381314217774,0.41050726573019,0.433313852021087,0.498159987161103,0.469729383468585,0.517319696007927,0.372589359677866,0.252731091108677,0.360350425669136,0.268978693587772,0.259856686000697,0.674830981483862,0.916527711017168,0.626802993891849,0.820006166297012,0.35269736344256,0.281301083872525,0.251920139602593,0.302035602163922,0.57333809349895,0.601351523549362,0.478485195024989,0.316703744440982,0.525973740214514,0.457095432270048,0.511754319051199,0.313987238334272,0.62308893877049
"Annambhatta_Tarkasamgraha_segmented_complete",0.809281382316778,0.583240091958088,0.690351803323225,0.618118777500771,0.588075820205897,0.634713821269593,0.713976427243693,0.752451454860628,0.767184793180628,0.734982028583413,0.737054956354257,0.724151411043755,0.710534362132828,0.799116106180753,0.674138186187943,0.579580527968563,0.720530244304277,0.708919572664107,0.683904142655546,0.42250939163813,0.466885591914196,0,0.507320989540121,0.690811333892869,0.828827866562078,0.882324589506554,0.77181051847047,0.664009790913619,0.597642040524629,0.787108357133232,0.851517179566556,0.666199105186941,0.583693459686834,0.721103677836077,0.733929669658573,0.639586085583939,0.79257361152601,0.95684764797925,0.80757398641945,0.578011045747126,0.928598597513563,0.615841752879642,0.516592530813528,0.710037518372362,0.560082573938797,0.490812175679562,0.673244607519044,0.402138522194218,0.859885715206049,0.630559736987087,0.675817556450072,0.672302708809307,0.831605324346644,0.983964198792796,0.58296631014456,0.540210435113216,0.751673627193254,0.921263198781789,0.710534362132828,0.720530244304277,0.802176451804746,0.763655984905078,0.718590702208297,0.674986009676387,0.597433788333431,0.663266870181811,0.577647148045858,0.545240157320429,0.962280591537606,1.2169017168596,1.004033628689,1.1328760993444,0.638026097735993,0.572804531667763,0.573313967203923,0.580395891309815,0.846497532554707,0.863239449948119,0.783209126413362,0.602533551113092,0.832383293667939,0.675091615912067,0.79158790302327,0.605869533325833,0.94631318777623
"Asanga_Abhidharmasmuccaya_segmented_complete",0.519083945665491,0.355812038363953,0.432948536087653,0.378219397664643,0.335525039221818,0.394528884807267,0.482849871924601,0.476835523946607,0.504226430231528,0.508652308873002,0.499227528677521,0.46999473173615,0.464788879418266,0.528879177042152,0.425348784127054,0.34325060359949,0.481914339376999,0.524533042328704,0.439101498543896,0.210609805057236,0.209895414018572,0.507320989540121,0,0.431287165790707,0.569294437635545,0.590033568427266,0.572661998929985,0.491349642982488,0.336318048591653,0.550413080988931,0.650275694435042,0.454391140510634,0.294135765244122,0.463409776971542,0.511678339258462,0.439858128697646,0.552822484035206,0.74794027802142,0.585433284104916,0.323980210605437,0.691894757753289,0.407072123494556,0.302127696903804,0.459068666782701,0.300579825557705,0.255013528653414,0.454150954792078,0.173370635059313,0.580372888753332,0.454168360028873,0.418586953524385,0.414753365103645,0.567545132677204,0.721871839005256,0.390669668857571,0.295213364055012,0.491701739592647,0.667975659003596,0.464788879418266,0.481914339376999,0.554333630916947,0.521694317217378,0.548667032537063,0.391759459077176,0.338163752073533,0.417756398369639,0.341185981004447,0.32813820036652,0.75419057557663,0.979375370135037,0.731449540391369,0.876317173083791,0.363351449556008,0.274273067479314,0.259314538931129,0.348925682124127,0.594961273429414,0.660996221578445,0.546665382075468,0.363305395943387,0.601147217521142,0.509296467617514,0.591491147915752,0.379283249792577,0.669723497387006
