"","000_vivarana_unsandhied","001_LalitaBhasya_segmented_complete","002_Pseudosankara_Sanatsujatiya_segmented_complete","003_Pseudosankara_SvUBh_segmented_complete","004_Pseudosankara_Visnusahasranama_unsegmented_complete","005_Sankara_Adhyatmapatala_segmented_complete","006_Sankara_ AiUBh_segmented_complete","007_Sankara_BhGBh_segmented_complete","008_Sankara_IUBh_segmented_complete","009_Sankara_KeUBh_segmented_complete","010_Sankara_KeUBhVakya_segmented_complete","011_Sankara_ChUBh_segmented_complete","012_Sankara_KaUBh_segmented_complete","013_Sankara_ManUBh_segmented_complete","014_Sankara_MunUBh_segmented_complete","015_Sankara_NrsTBh_segmented_complete","016_Sankara_PrasUBh_segmented_complete","018_HastaBh_HastaBh_segmented_complete","Abhinavagupta_IsvPrV_segmented_complete","Abhinavagupta_Paramarthasara_segmented_complete","Abhinavagupta_Tantraloka_segmented_complete","Annambhatta_Tarkasamgraha_segmented_complete","Asanga_Abhidharmasmuccaya_segmented_complete","Bhaskara_BhGBh_segmented","Candrakirti_Bodhisattvayogacaracatuhsatakatika_segmented_complete","Candrakirti_Prasannapada_segmented_complete","Dharmakirti_Hetubindu_segmented","Dharmakirti_Nyayabindu_segmented","Dharmakirti_Pramanavartika_segmented_complete","Dharmakirti_Vadanyaya_segmented","Gangesa_Tattvacintamani_segmented","Jayarasi_Tattvopaplavasimha_segmented_complete","Kamalasila_Bhavanakrama_segmented_complete","Kamalasila_Madhyamakaloka_segmented_complete","Kavirajayati_Samkhyatattvapradipa_segmented_complete","Kumarila_MimSV5.4-9_segmented","Kumarila_Tantravartika2.2.1-4_segmented","Madhusudana_Advaitasiddhi_segmented_complete","Madhusudana_Siddhantabindu_segmented_complete","Madhva_Anuvyakhyana_segmented_complete","Mandana_Brahmasiddhi_prose","Mandana_Karikas_complete","Mandana_Vibhramaviveka_segmented_complete","Mathara_Matharavrtti_segmented_complete","Nagarjuna_MMK_segmented_complete","Nagarjuna_SuSapt_segmented_complete","Nagarjuna_VigV_segmented_complete","Nagarjuna_YuktSast_segmented_complete","Padmapada_Pancapadika_segmented_complete","Prasastapada_Padarth_segmented_complete","Ramanuja_BhGBh_segmented_complete","Ramanuja_Sribhasya_segmented_part","Ramanuja_Vedarth_segmented_complete","Sabara_MimSBh_segmented_1_7","Sadananda_Vedantasara_segmented_complete","Samkhyaparibhasa_segmented_complete","Sankara_BAUBh_segmented_complete","Sankara_bsbh_unsandhied","Sankara_KaUBh_segmented_complete","Sankara_PrasUBh_segmented_complete","Sankara_TaittUBh_segmented_complete","Sankara_Upad_Gadya_segmented_complete","Sarvamatasamgraha_segmented_complete","Sthiramati_Tvbh_segmented_complete","Suresvara_BAUBhV_segmented_Arthabhaga_Ajatasatru_Maitreyi","Suresvara_Naiskarmyasiddhi_segmented_complete","Suresvara_TaittUBhV_segmented_complete","Totaka_Sruti_segmented_complete","Udayana_Nyayakusumanjali_segmented_complete","Udayana_Nyayavarttikatatparyaparisuddhi_segmented_1.1_1.2","Vacaspati_Bhamati_segmented_complete","Vacaspati_Nyayasutravarttikatatparyatika_segmented_complete","Vasubandhu_AbhidhKBh_segmented_complete","Vasubandhu_Madhyantavibhagakarikabhasya_segmented_complete","Vasubandhu_MahaySABh_segmented_complete","Vasubandhu_VimsatikaKVr_segmented_complete copy","Vatsyayana_Nyayasutrabhasya_segmented_complete","Vedantaparibhasa_segmented_complete","Venkathanatha_Nyayaparisuddhi_segmented","Vijnanabhiksu_Samkhyasara_segmented_complete","Vimuktatman_Istasiddhi_segmented","Yamuna_ Isvarasiddhi_segmented","Yamuna_Atmasiddhi_segmented_complete","Yamuna_Samvitsiddhi_segmented_complete","Yuktidipika_segmented_complete"
"000_vivarana_unsandhied",0,0.787880268040778,0.72262555516959,0.654882508375491,0.73724480987657,0.853046092653146,0.754161179679852,0.642133619831107,0.951470928175691,0.861859605820324,0.856200239233921,0.606819987565782,0.714561457214037,0.734221141188731,0.807190811617113,0.805144701821566,0.721571470819294,0.95846462483827,0.731200606288724,0.987208381778035,0.730544903694602,1.27588328292383,0.852909652048612,0.592892766004673,0.729788713351904,0.863008688543323,1.0012132733524,1.14137045743024,0.714063903462654,0.876891745381637,0.926080610621755,0.879412000940641,0.717936400310033,0.938474076984799,0.859274831962449,0.897128546790668,0.836726251566394,0.90784782913566,0.933490416782746,0.768454633879216,0.772647685290823,1.03544174272341,1.12132677520669,0.660895057966913,1.10418478670835,1.30210109131603,1.07064434006123,1.16534349356197,0.588415650093036,0.777612853142487,0.69625445880701,0.694066583962034,0.792385225095567,0.85637296840866,1.06852891541703,1.06292669677001,0.575667718017215,0.559108617511442,0.714561457214037,0.721571470819294,0.686659812369551,0.732903436038423,0.691699462349969,0.781634332157979,0.733702199930693,0.750631909163335,0.720213549769861,1.05310618229584,0.880392432533885,1.03916883821529,0.670200609922928,0.744208805661517,0.736144900130383,0.847223075630012,0.676335657310073,1.02973359634852,0.735492947538141,0.969783600993111,0.7096505553544,0.741294539020473,0.933385633419509,1.156396578526,0.852529029782796,0.959162405624506,0.654430619266585
"001_LalitaBhasya_segmented_complete",0.787880268040778,0,0.552543011739182,0.527420909817395,0.460272918079514,0.804096634208266,0.746738378987526,0.688351733110528,0.756456134119893,0.867192988172072,0.869749144870876,0.592254059065271,0.578425032600408,0.752894947877816,0.700298141437253,0.5209549847468,0.722812963605533,1.07596372455777,0.928711958382286,0.743531291035193,0.52850582825816,1.1611349145209,0.620976423007514,0.64013114377737,0.966778968304181,1.04738042142769,1.11352520961245,1.07334492443453,0.80430106853607,0.988396605451358,0.937909935587875,0.835572134576925,0.678249055807908,1.00927729847791,0.981689946575,1.02614660909308,0.907216659057313,0.979275254162573,0.928278602378344,0.799894972409551,1.01244096039175,1.03784276241015,1.0601947805404,0.787846908558401,0.994206708888772,1.08750058148542,1.09940658393794,0.843373433985727,0.84029143056749,0.873237009081774,0.541613113904717,0.53742386400797,0.770143738765131,0.994339369252455,0.717506735360689,0.764025644287793,0.687911049636277,0.858709227200505,0.578425032600408,0.722812963605533,0.757299937179679,0.881643324546303,0.857281075354455,0.834084928716937,0.668190584506036,0.747390905599378,0.637656500802576,0.904847868056263,1.06747388729093,1.33001359837043,0.863943791958805,1.07144978669571,0.887044281230688,0.700584052059741,0.629896860008054,1.01916260799906,0.993857291514294,0.969594970357922,0.939177192913428,0.684468179735169,0.981570371248689,1.10790453600088,0.999393021805938,0.824537919487744,0.981231957936173
"002_Pseudosankara_Sanatsujatiya_segmented_complete",0.72262555516959,0.552543011739182,0,0.405373170184631,0.587330435313106,0.838862071348638,0.677726981245191,0.572187732479602,0.806335853838168,0.838612042561704,0.809786757272435,0.539569009753893,0.614927945400598,0.724272380779035,0.668006314273631,0.655882712156522,0.74765951652598,0.994291997918424,0.873753505215739,0.811425051806788,0.576349904305887,1.33577605759048,0.783346516581805,0.553602493808703,0.834491474086866,0.949219169816473,1.16035453420873,1.11138988317518,0.818202493332573,1.04613678750993,1.09322713927514,0.954972186798904,0.65747853591342,1.059731049175,1.0041961128339,1.07056767603244,0.903249805435397,1.08002762576453,0.978993687275027,0.770851367061758,0.938963718335955,1.06608252014448,1.09868711653071,0.783127094032154,0.972467000321388,1.22241827230922,1.0413077636631,0.958682298938877,0.766094072814944,0.929162481622918,0.530532762275355,0.526977145005558,0.783809000578784,0.95154801144993,0.973773212660237,0.843078023122779,0.608206801627019,0.728635114514139,0.614927945400598,0.74765951652598,0.705487357393314,0.846269369982483,0.909034903518352,0.825692793806637,0.681892093492695,0.71996077082845,0.675273924987317,0.955901708475894,1.10212434856364,1.29488028053903,0.799623796386738,1.03887711842654,0.844665729990425,0.768398567697699,0.685815006007549,1.01920246357453,1.02273237777369,1.08596259278211,0.98341580190893,0.757948240129522,1.03970271520784,1.20725007953455,1.06380790220717,0.942127108870846,0.93431425697877
"003_Pseudosankara_SvUBh_segmented_complete",0.654882508375491,0.527420909817395,0.405373170184631,0,0.461366036264885,0.789139222867404,0.618291974931481,0.512340639542988,0.783411511422452,0.79909128652977,0.805558215495792,0.496567724918988,0.513452252794144,0.670075568065336,0.660920579961216,0.53795114978526,0.687200947892024,0.959710372402431,0.794574934861524,0.737890592048042,0.495091636171112,1.24548111799607,0.678364000811896,0.51134624796157,0.793785051013514,0.898761623711536,1.11542618833526,1.08103672102823,0.730542904165569,0.992428648086785,0.998398089224358,0.902674449067264,0.617178792025639,0.972489253965902,0.901377514933601,0.993703809623999,0.86322127210525,0.998645296578554,0.892854347783925,0.681031442157407,0.920776447932914,1.03775329921146,1.04395096965708,0.689463911850373,0.907676822228877,1.1382892230771,1.01649356269752,0.906677159620222,0.749950716601275,0.858122456346468,0.463603439113168,0.458573583106902,0.653307235191338,0.878992686390547,0.905418063035887,0.744509211033029,0.547375682979886,0.669682746750486,0.513452252794144,0.687200947892024,0.641204300822473,0.7683776815286,0.825965277177947,0.721156990257931,0.586956060352643,0.656009587748459,0.588170469969987,0.946790463995776,1.0509614008325,1.24237210177338,0.732670937439094,0.966242813698676,0.772389757852542,0.691834451225223,0.573994394623763,0.975527001823899,0.942384320394712,1.01438393305163,0.903324571601826,0.60655724176336,0.932818228456592,1.20651061899195,0.945983107047277,0.870788349233291,0.879689584609233
"004_Pseudosankara_Visnusahasranama_unsegmented_complete",0.73724480987657,0.460272918079514,0.587330435313106,0.461366036264885,0,0.799587453619584,0.691687265643472,0.669753205883241,0.720739757022086,0.820149653775934,0.869511891237238,0.560260924529844,0.54868880336945,0.74541617737735,0.692588303703401,0.572148851334723,0.668448841959521,1.03379133107844,0.866382066071221,0.746334289028944,0.484125209060072,1.1396212071914,0.625007312303624,0.590898752220838,0.869960229000888,0.956442595420048,1.10663559828188,1.04470385516286,0.771776967765417,0.966299678299488,1.00994425140444,0.91952303975313,0.639867907697423,0.963519604204239,0.96822769518754,0.964660517133857,0.88224590149985,1.07335430704493,0.965361627432956,0.73928458633054,1.01959172925455,1.03551952264888,1.04695878946081,0.732513435147948,0.885608662610014,1.07708105911762,1.02644171403024,0.867491621401932,0.851519990291746,0.862447748073981,0.546735698170144,0.539442113542878,0.721567855171641,0.916351797679272,0.879603076493288,0.733674079106442,0.650646724805961,0.781133492684398,0.54868880336945,0.668448841959521,0.706485086967025,0.82713032806567,0.861217660741178,0.774813119857488,0.636931934693578,0.738506067886975,0.581646080602117,0.941019868056706,1.11162282287379,1.32820787109674,0.869632891201688,1.05997333923486,0.809777422610537,0.679771104460492,0.543879254475003,0.972681638126177,0.980460346788709,1.04350975859964,0.935822148213658,0.712163830506616,1.00315531618285,1.17793338863219,1.02239845273875,0.843379344579154,0.952498126000786
"005_Sankara_Adhyatmapatala_segmented_complete",0.853046092653146,0.804096634208266,0.838862071348638,0.789139222867404,0.799587453619584,0,0.859146593215554,0.798146476908243,0.863510100147034,0.922945537064421,0.865388664507786,0.748237933101488,0.778134718286663,0.906799768676666,0.814447257312532,0.846889203960287,0.873033398858251,1.09608356132324,1.09279083374087,1.00800917072549,0.813887770918089,1.42170299312187,0.841809550014884,0.787932386228482,0.966128436434657,1.06818223651071,1.2139068185791,1.29139788411284,0.928021022399045,1.0179703517233,1.06622226733566,1.00443536727044,0.87128146565423,1.08904161756431,1.11570690132748,1.09910958739284,1.07305777067696,1.10869718218835,1.0385476742436,0.934040535573435,1.08827737604844,1.15695768053893,1.17711998126068,0.947303580279681,1.13950993829542,1.28209856021799,1.16491649152189,1.04544982648483,0.88297008538844,0.998028060359443,0.781852329170642,0.782477305701927,0.945161839446011,1.04972959317903,0.946203523694541,1.00668320124419,0.76425206013771,0.874978203729681,0.778134718286663,0.873033398858251,0.803286133212605,0.904631174145389,1.02399821170665,0.875588704288691,0.873876745316849,0.879327200361455,0.788986608084426,1.04395839745815,1.1426393872167,1.35915648660028,0.969788803621958,1.13185851399073,0.943617148849157,0.90420622774661,0.750461850192566,1.12682752815001,1.06359793130746,1.14840994928348,1.0090404695537,0.872225793153273,1.07457652539475,1.1318982752163,1.10414251915994,0.965121378068706,1.03190924624222
"006_Sankara_ AiUBh_segmented_complete",0.754161179679852,0.746738378987526,0.677726981245191,0.618291974931481,0.691687265643472,0.859146593215554,0,0.628521409027213,0.82282184199873,0.756975866491482,0.821025477458321,0.53899346657853,0.600050393929558,0.696872836795431,0.692163017553915,0.76157526034397,0.666846807094309,0.955410167396695,0.816652676137717,0.857768824106933,0.649500598109594,1.32275739080804,0.791579324253329,0.648217529818611,0.894922369573184,0.947889220030683,1.11306335665591,1.10613876754454,0.79703981701729,0.992896638701501,1.0100136358469,0.916565985477804,0.74463030043535,1.0529623610796,1.0186548051217,1.06459729152919,0.944877101334203,0.975569668051026,0.90152897970128,0.802768135642436,0.906494366844523,1.06035082690187,1.08478420477711,0.838011625350898,1.0501365234547,1.19105841170599,1.12576380723264,1.03504744785015,0.738062221743463,0.977392473636484,0.657871335094024,0.650901457669328,0.740935158507623,0.920435109885595,0.962679127731277,0.990616350460515,0.480397035580259,0.722273475296103,0.600050393929558,0.666846807094309,0.67478033709868,0.772629082184813,0.94511725530875,0.849941879141221,0.658103006397799,0.669160376947806,0.646211521566159,1.03773180568498,1.00264135756035,1.20908522989065,0.776482951597952,0.977778582860752,0.859210592417582,0.796770749817564,0.691034605010025,1.10156357848434,0.976796819472025,0.985487560151933,0.893918162736326,0.795026758635595,0.974708640768478,1.1424261787997,0.994119715054473,0.966311876110668,0.907948786450449
"007_Sankara_BhGBh_segmented_complete",0.642133619831107,0.688351733110528,0.572187732479602,0.512340639542988,0.669753205883241,0.798146476908243,0.628521409027213,0,0.669776116310886,0.706947677901856,0.83387039915826,0.45214893995865,0.524615753258819,0.588915513283455,0.590306569834605,0.66279271319198,0.660420471174477,1.01756882470982,0.748821692435473,0.854669052760138,0.561718659605805,1.29566032617989,0.709175745277014,0.470177724960746,0.74163899434747,0.772853773616553,1.06083359090334,1.16887063247927,0.752261685744568,0.935220103423461,1.01564623671869,0.929453809728427,0.639696995603007,0.961952815162048,0.981694226250033,0.997596825475123,0.839398328963482,0.94945270638223,0.926397718926148,0.693171645909719,0.85815111735955,1.03789444598499,1.12454427350471,0.660070826599097,0.918004757657676,1.20145925957304,1.02984320784903,1.07441877457869,0.725577275514217,0.840607290358031,0.468798966938016,0.464576332894967,0.713286432985108,0.778908978863597,0.964531751933132,0.856771756757028,0.457547998752244,0.662852623990938,0.524615753258819,0.660420471174477,0.543737337358859,0.736427489081377,0.836095697545906,0.708405711626986,0.61618557994413,0.644152703766268,0.557566801021665,0.994068436080651,1.0500477960592,1.16435410708935,0.689833790812959,0.869888310348871,0.69764491322587,0.723140762801191,0.589984844248911,1.02127907013148,0.863099957534304,0.986193898010981,0.836296129607466,0.720434758081942,0.946546186936842,1.18576869726124,0.942414425282525,0.884120975768214,0.752834335215266
"008_Sankara_IUBh_segmented_complete",0.951470928175691,0.756456134119893,0.806335853838168,0.783411511422452,0.720739757022086,0.863510100147034,0.82282184199873,0.669776116310886,0,0.919270092828799,0.965021228453474,0.696052280128461,0.716722968260529,0.846716846276334,0.723487686619939,0.802584143957544,0.853179610202198,1.17194013794285,1.04378412091301,0.928092680470071,0.750620328123443,1.28180020712371,0.780491357387442,0.759705787822022,1.01445389796719,1.04478178168756,1.20871333719669,1.10875720015024,0.941890340621498,1.10453301225005,1.18742892582059,1.09387818273989,0.852107459474209,1.17456424047674,1.13348117134564,1.13053972488395,1.03580006713254,1.21865520430459,1.0928169835398,0.948826939080947,1.12684056171235,1.15390219862513,1.184318894595,0.928403524446395,0.999636278115069,1.13936049802796,1.13967985729333,1.06434036893612,1.03750827992982,1.0437397279299,0.744700639200728,0.739910040356589,0.962778057005167,0.971559607219221,1.00081545782743,0.916171053749406,0.771524435625595,0.920117428029006,0.716722968260529,0.853179610202198,0.801005451311853,1.01217060819934,1.02833488284495,0.921401237440398,0.801944401390216,0.850377823211557,0.74255744621562,1.09173915000683,1.23622814014367,1.38734130477723,1.00704996200934,1.11658793883282,0.943967235288216,0.821067205601625,0.766386628109877,1.0630857104062,1.09855986140893,1.18551670494489,1.08868072238782,0.899270738917433,1.17237038342823,1.29275283660812,1.22694578804335,0.993131073334591,1.0397154572285
"009_Sankara_KeUBh_segmented_complete",0.861859605820324,0.867192988172072,0.838612042561704,0.79909128652977,0.820149653775934,0.922945537064421,0.756975866491482,0.706947677901856,0.919270092828799,0,0.852793411592134,0.655265450823375,0.719736208672993,0.807240536751365,0.763867730859259,0.815259018639472,0.790913488265707,1.17145788350885,0.942771628296648,1.09029773968091,0.835738887675502,1.44901089889302,0.946679811117183,0.729024026648045,1.0026262343631,1.04150755380895,1.20145957476045,1.2409717033327,1.00309092275127,1.06038047809382,1.14878401742197,1.02337840355607,0.889140615371007,1.10985167360959,1.1743132780408,1.11933553521797,1.01403544815433,1.10303321935241,1.096380347366,0.937816061730763,1.03096157053493,1.18427923716752,1.23678525434985,0.9039124313759,1.15755067807671,1.39487908327905,1.21464969094365,1.17323031971701,0.80726174530126,1.0000089863225,0.793453579954757,0.79324248915596,0.879030651878184,0.960253828301656,1.07059593515396,1.12261171678171,0.647418975833008,0.80634840084841,0.719736208672993,0.790913488265707,0.639745892515491,0.877102659824219,1.03962871482865,0.919239988609795,0.824431864792051,0.860281991061491,0.72629987782265,1.08847279088676,1.1406923847634,1.27681008817906,0.885572999062695,1.04642828973888,0.912973922885106,0.932681195655856,0.82300985830944,1.09688022728561,0.996638170734299,1.09738994833578,1.02242674273346,0.953937203834499,1.13892831321462,1.27868705734128,1.09783627074283,1.05220110417873,0.944069056245614
"010_Sankara_KeUBhVakya_segmented_complete",0.856200239233921,0.869749144870876,0.809786757272435,0.805558215495792,0.869511891237238,0.865388664507786,0.821025477458321,0.83387039915826,0.965021228453474,0.852793411592134,0,0.803171766725334,0.878262713400757,0.93190698239268,0.824347870326195,0.892128272410015,0.952845126818858,1.09680441836142,1.066832775706,1.02311240424333,0.861257693981117,1.46335135498251,0.911893258525667,0.846839619643852,1.03767236720907,1.10843311401832,1.17198847394306,1.18443199682076,0.946549247132513,1.08852040558539,1.07441417059294,1.05968202796227,0.926573950484505,1.16541503276261,1.158115596099,1.13584929068171,1.11880156252421,1.07316675018605,1.0662028809726,0.950705802567486,1.0572304866136,1.13702672607809,1.18529775679954,1.01434550051288,1.15882427156077,1.28257880568458,1.21547577000326,1.15651722820354,0.893320573380893,1.01342047719373,0.829994433809753,0.826215082193491,0.982668143655816,1.210999370434,1.05031160310141,1.06218249036225,0.795492318409679,0.896013299003076,0.878262713400757,0.952845126818858,0.75730020114455,0.874940531576248,0.98821964691513,0.92753676275435,0.855888818016552,0.904309597114174,0.809066153029239,1.04758214617174,1.11383469766902,1.34625773679979,0.985833992110892,1.16020814175979,1.01647187785894,0.910293453676314,0.835029695750954,1.1430918386583,1.10395387848923,1.09007866111214,1.0694154217056,0.928382677711055,1.0733181119442,1.18459147138019,1.08187362004731,1.05013529289343,1.04957741344144
"011_Sankara_ChUBh_segmented_complete",0.606819987565782,0.592254059065271,0.539569009753893,0.496567724918988,0.560260924529844,0.748237933101488,0.53899346657853,0.45214893995865,0.696052280128461,0.655265450823375,0.803171766725334,0,0.418917642264455,0.518366007152033,0.568223409857469,0.562809686912429,0.520377802448702,1.01877919725686,0.717574728018223,0.827133096778434,0.47592462514688,1.2387553264753,0.707777647631642,0.447513702810508,0.729211320473394,0.808728845260069,1.04678844970681,1.08124363270782,0.709854654461947,0.909033347366274,0.967816740817709,0.882110267147458,0.636678178422356,0.874952981088703,0.927452512741858,0.944046582411256,0.83957042081121,0.962225606467116,0.887422087834729,0.631590679839591,0.863134846897226,0.997292946196507,1.05203705069547,0.689545325528259,0.961581472844045,1.16962367630811,1.00681576501153,0.979766487319445,0.665015186390993,0.786016722389596,0.502716946593548,0.4963298988759,0.630987428273411,0.752110321159283,0.919454640584558,0.859960331110822,0.332352075602901,0.561274592041092,0.418917642264455,0.520377802448702,0.481021658614282,0.722425005082072,0.819370148777705,0.682278021937177,0.518742761885659,0.573481457974614,0.488024395520764,0.895218164090368,0.95649838653363,1.12015212931791,0.651481189884919,0.859344340996987,0.689849115760333,0.684480306892421,0.55180120724074,0.995460451959292,0.852964399897725,0.980263750734032,0.784194504581921,0.664541697677046,0.907247063285671,1.14382494533476,0.884940199082942,0.844814325465533,0.770586528209341
"012_Sankara_KaUBh_segmented_complete",0.714561457214037,0.578425032600408,0.614927945400598,0.513452252794144,0.54868880336945,0.778134718286663,0.600050393929558,0.524615753258819,0.716722968260529,0.719736208672993,0.878262713400757,0.418917642264455,0,0.552170590044774,0.548443137619687,0.609643399755644,0.638658586030315,1.03680464166376,0.733708347402555,0.836312227411412,0.524016493705262,1.25254878269932,0.72758650891375,0.533436721167741,0.753429785081769,0.840051723789943,1.05309338267808,1.08680813855808,0.736893417919271,0.956277588501666,0.953890649467601,0.865537227279022,0.643242702713262,0.953712450791425,0.961281734561618,0.942154978536074,0.868663390203181,0.977926190059595,0.95077871383765,0.705867547405221,0.910471699898833,1.04159312749709,1.05833937043181,0.709758658945418,0.942805646657031,1.17392545578395,1.06155484287657,0.952304030706086,0.711297731552448,0.883225850822095,0.55459036033905,0.546495567948611,0.72612053201182,0.83341862227937,0.907119839043911,0.895854033781332,0.481817895203459,0.715714945166077,0,0.638658586030315,0.551251870445436,0.779513508860755,0.84526293299813,0.715092928117801,0.590542263896983,0.66694704314893,0.546280795133709,0.907600850161197,0.993436656087379,1.18647664597414,0.718930982889879,0.931665446979358,0.769713979329811,0.711476732941165,0.600945970910677,1.03474618033412,0.902563042957915,0.972737815518453,0.844811650936879,0.707717720394547,0.929327283222998,1.19796810547556,0.900894638280868,0.834467274021229,0.804166390091281
"013_Sankara_ManUBh_segmented_complete",0.734221141188731,0.752894947877816,0.724272380779035,0.670075568065336,0.74541617737735,0.906799768676666,0.696872836795431,0.588915513283455,0.846716846276334,0.807240536751365,0.93190698239268,0.518366007152033,0.552170590044774,0,0.722848072890295,0.78650489640006,0.697278876065085,1.02015101753824,0.749634144994895,0.927685783989189,0.703889712791861,1.36574057529093,0.868555604124544,0.596402142679563,0.780768801036937,0.863622374691986,1.04468732799166,1.07050782353785,0.809712522737243,0.942265461116561,1.00412909068186,0.927583961086082,0.73892253970525,0.859434696987024,0.980084969803207,1.00376669642709,0.984806266043849,0.9762485219372,0.969522732968682,0.801588298802248,0.916580408893428,1.08245046516527,1.12269971918135,0.794380013768266,1.03978981756084,1.24792725430791,1.01277910882781,1.06700605885376,0.760276846681205,0.976987483639543,0.714809930822283,0.709226025865599,0.823675735932089,0.905399691102332,1.02981843739577,0.990642265869358,0.534683459673254,0.758651783834915,0.552170590044774,0.697278876065085,0.672504353607336,0.764424624920279,0.917427722606732,0.830902177638994,0.643722337750034,0.667639356272535,0.657730286977586,0.987150375746912,1.0142757668493,1.14430702673991,0.745431314233522,0.913324083411956,0.810014277908981,0.83739877343454,0.706773827708243,1.04230296648735,0.94007962779901,1.0525258054984,0.913046436442631,0.787790827632308,0.836652832340018,1.19664874444824,0.928990991150051,0.885505059753709,0.803247416623033
"014_Sankara_MunUBh_segmented_complete",0.807190811617113,0.700298141437253,0.668006314273631,0.660920579961216,0.692588303703401,0.814447257312532,0.692163017553915,0.590306569834605,0.723487686619939,0.763867730859259,0.824347870326195,0.568223409857469,0.548443137619687,0.722848072890295,0,0.731120039213017,0.684255047958653,1.09258406060346,0.933011945669032,0.902108524918826,0.672010750626936,1.28579352883236,0.788490736564231,0.648227872886488,0.915030755510744,1.01106509962028,1.16529526245649,1.13727312887428,0.893779970325166,1.01624364012987,1.09697318731899,0.938545361718063,0.818352648282072,1.09643772167065,1.13942434657477,1.03084560365903,1.03802938926871,1.08766237184475,1.02700320835002,0.875696782086379,1.02642130856819,1.13262620575745,1.22748923369191,0.809405980157673,1.0303358468313,1.22473940422235,1.1299381772498,1.05777572076854,0.833051972641683,0.96056410826967,0.633299955284242,0.629343215530688,0.839929582726388,0.987398455876478,0.87245953407738,0.940116891597537,0.565812430279543,0.812575092031483,0.548443137619687,0.684255047958653,0.548298675870171,0.79630772648269,0.967210501918444,0.880650865165279,0.724461776757686,0.782292988120541,0.655948224975713,0.9789422357294,1.14924260292303,1.35014029412563,0.883694862771747,1.07476069505963,0.855367588832296,0.770073421176974,0.717060013502886,1.07499139879957,1.02522530480348,1.02916582231158,1.02390743095075,0.839793915648034,1.07548862387671,1.18502830755514,1.07020098970463,0.979718308887851,0.883500481746944
"015_Sankara_NrsTBh_segmented_complete",0.805144701821566,0.5209549847468,0.655882712156522,0.53795114978526,0.572148851334723,0.846889203960287,0.76157526034397,0.66279271319198,0.802584143957544,0.815259018639472,0.892128272410015,0.562809686912429,0.609643399755644,0.78650489640006,0.731120039213017,0,0.731757927501539,1.04602451905645,0.857370258784394,0.758633171142942,0.520182734441189,1.18527177546369,0.671173873157447,0.673886351118353,0.885850828963935,0.968865833480584,1.18840609485849,1.11113155907163,0.841665837199945,1.00154948369463,1.05103991077849,0.916758347197291,0.716261103257992,1.02039210405429,1.02099147006324,1.01030163120976,0.907359820963089,1.05042783315463,1.00497632098432,0.781006263784862,1.05145528829555,1.04164622138249,1.07756882125195,0.793119360624363,0.961088733200139,1.10411436455973,1.0064691606361,0.866044470801111,0.84763915833924,0.845301810634289,0.59057824482244,0.584017094141714,0.751566173871613,0.867796930615177,0.828951912281814,0.858465732933239,0.685249957924508,0.797604065625217,0.609643399755644,0.731757927501539,0.762758363470535,0.870479852166133,0.879743313858779,0.809935312687711,0.664311149662053,0.778419158636494,0.594907891740203,0.930535835999688,1.11062908825209,1.35268351519813,0.891104980843528,1.08919800481153,0.853102782652528,0.735827993479688,0.627218095018284,1.01099517114206,1.00454388063466,1.04422123445541,0.927162518345759,0.744550027366413,1.0237269436022,1.16811268199611,0.970764955524531,0.861387320449792,0.9969652798365
"016_Sankara_PrasUBh_segmented_complete",0.721571470819294,0.722812963605533,0.74765951652598,0.687200947892024,0.668448841959521,0.873033398858251,0.666846807094309,0.660420471174477,0.853179610202198,0.790913488265707,0.952845126818858,0.520377802448702,0.638658586030315,0.697278876065085,0.684255047958653,0.731757927501539,0,1.06138997945269,0.830626127689864,0.966788827465419,0.651009539546226,1.28315041341522,0.768329529913387,0.691021092723154,0.897693233084698,0.977834886184492,1.10276735623912,1.05027060831535,0.814535832123856,0.94678913990749,1.02175156793755,0.966458369096541,0.764600440029131,0.979057374795629,0.970130829561281,0.976288148169043,0.965553472025925,1.02871831738078,1.00342325977232,0.803504459644175,1.00904387283149,1.03074859840715,1.14949413695167,0.725735526678769,1.09961397786975,1.22218961123291,1.09210620081943,1.02979905458486,0.803836274555509,0.929342446608898,0.69716026484073,0.691472325285637,0.756427488413588,0.955100218716517,0.956934374346836,0.943127587948275,0.54105486478025,0.772551870048632,0.638658586030315,0,0.63501330320773,0.852672931793067,0.926839878276605,0.850435006561716,0.740400308825498,0.78117240864163,0.680333223407763,0.991194877733647,1.03904924917196,1.26558831323813,0.86102820071818,1.02018048668326,0.8541906135236,0.778374810962827,0.658823938037291,1.11494544149117,0.992854989574663,1.04380932369081,0.8723910212662,0.797946925261162,1.00019866586519,1.1889484538306,0.999023162264148,0.928336350807671,0.889424559458112
"018_HastaBh_HastaBh_segmented_complete",0.95846462483827,1.07596372455777,0.994291997918424,0.959710372402431,1.03379133107844,1.09608356132324,0.955410167396695,1.01756882470982,1.17194013794285,1.17145788350885,1.09680441836142,1.01877919725686,1.03680464166376,1.02015101753824,1.09258406060346,1.04602451905645,1.06138997945269,0,1.0744004705798,1.08126725841271,1.03914743681619,1.38238427889729,1.04520576831019,0.967667188585736,1.05897273929772,1.15761890297876,1.35348436215431,1.28644772424418,1.12182863918986,1.19287167301276,1.16947235520606,1.18100779911656,0.960013836618171,1.24189634247077,1.10475309037121,1.25655352100898,1.20977777354154,1.17122978822442,1.08983540254644,1.07581549812163,1.14846315317298,1.27446890412922,1.22694679351262,1.12273914380089,1.20976136157006,1.29272599572241,1.26226358613789,1.19256813835525,1.08086887128608,1.24727034188533,1.04199298024939,1.03837360447672,1.05313183920133,1.16045904135544,1.23778314080342,1.2316364796352,0.947584948345072,0.987675500603113,1.03680464166376,1.06138997945269,1.04525829897684,1.0398313308628,1.09478993844003,1.01709689139216,0.986401035708886,1.00315212824553,1.00203355469061,1.19188264591849,1.21132629919835,1.36305311832265,1.05551904666918,1.21850204993212,1.11923262659698,1.09091141280945,0.97085913831814,1.22187402152544,1.21131492987222,1.17808092236936,1.20766878989596,0.976320007938516,1.12080815748928,1.26594407548944,1.14892153333944,1.06538348646645,1.20850250751372
"Abhinavagupta_IsvPrV_segmented_complete",0.731200606288724,0.928711958382286,0.873753505215739,0.794574934861524,0.866382066071221,1.09279083374087,0.816652676137717,0.748821692435473,1.04378412091301,0.942771628296648,1.066832775706,0.717574728018223,0.733708347402555,0.749634144994895,0.933011945669032,0.857370258784394,0.830626127689864,1.0744004705798,0,0.950869008066027,0.713116373393187,1.33204158892353,0.937153395987737,0.707580311584231,0.766219554338599,0.835695314907303,0.986493303657945,1.12945008005462,0.780325194275748,0.90507644628259,0.92752844080275,0.904785507308211,0.75084813312473,0.906808928725732,0.961319029936923,1.03639048720968,0.749599449570586,0.90086201638808,1.0262990182622,0.753247236832599,0.809215418861408,1.05553197340164,1.0404480821392,0.87714237073976,1.05137879657625,1.32253974060965,1.11979176503719,1.20605883574278,0.691924282212761,0.96004051809851,0.816788753374307,0.81080246197008,0.814405179515626,0.873097867653415,1.12391496683679,1.10838225333375,0.695504803321854,0.747548475314252,0.733708347402555,0.830626127689864,0.776957852202716,0.837331752685186,0.902596332182829,0.851234315819157,0.75954258249941,0.786827691197798,0.787932684262892,1.09017133228547,0.883875376748874,0.946725663383715,0.664273336758151,0.769257522075951,0.776370130124778,0.939398089121583,0.776016222644435,1.14079395965986,0.936895968371283,1.00548082017746,0.729880946957512,0.851594396012644,0.855028875133979,1.26622470918649,0.785219097054904,0.896889152531007,0.888995015273813
"Abhinavagupta_Paramarthasara_segmented_complete",0.987208381778035,0.743531291035193,0.811425051806788,0.737890592048042,0.746334289028944,1.00800917072549,0.857768824106933,0.854669052760138,0.928092680470071,1.09029773968091,1.02311240424333,0.827133096778434,0.836312227411412,0.927685783989189,0.902108524918826,0.758633171142942,0.966788827465419,1.08126725841271,0.950869008066027,0,0.649446461198511,1.20264391643258,0.694409305184018,0.856060031517211,1.01786172841394,1.11204548086537,1.31189805822451,1.2262831823126,0.899950078622398,1.1283491291455,1.16420515969138,0.949182714129538,0.740372981741262,1.11659190439128,1.0289303961716,1.10856572782531,1.03421600492722,1.23536933008296,1.11557265635889,0.899525420428349,1.17478899763855,1.11193894886686,0.980248719935271,0.9759647295304,0.979779067214091,0.981480989534413,1.13870095134166,0.80126045762389,1.00031890945323,1.05268648690852,0.70918707402867,0.704904849093072,0.941903498244234,1.13512268534702,0.950105386860579,0.837208501400691,0.887200618656383,0.987483612544746,0.836312227411412,0.966788827465419,0.997824914769818,0.942228054558929,1.03261591325309,0.942210430544768,0.852605523425822,0.944573296979171,0.799750908065579,0.89294181775019,1.24675887006609,1.50228436739339,1.03819606480964,1.23777661160954,0.948723110149259,0.771681049120235,0.784305002754092,1.07254328753982,1.12821558033739,1.21076708163816,1.07110869945275,0.768343030181864,1.12382216139249,1.1842998574937,1.08708310493037,0.876503590154778,1.16114040852631
"Abhinavagupta_Tantraloka_segmented_complete",0.730544903694602,0.52850582825816,0.576349904305887,0.495091636171112,0.484125209060072,0.813887770918089,0.649500598109594,0.561718659605805,0.750620328123443,0.835738887675502,0.861257693981117,0.47592462514688,0.524016493705262,0.703889712791861,0.672010750626936,0.520182734441189,0.651009539546226,1.03914743681619,0.713116373393187,0.649446461198511,0,1.12752321484656,0.530250770305112,0.549385494176225,0.745682195718375,0.803569788232911,1.01514515683251,1.06887899615813,0.596387122236669,0.905978265212305,0.876496900545552,0.807076442548246,0.486468087617892,0.881638661790083,0.902748761494293,0.869984256152104,0.795894816213108,0.941413064295522,0.901387793002918,0.574349656017928,0.89175747003332,0.87727910991044,0.860532095248997,0.645602165746383,0.793555022611196,0.943766285724103,0.928824811206147,0.811159449275525,0.71454280572078,0.782793641353082,0.455443942811046,0.451719787679763,0.699745931961411,0.791913718159811,0.770566683471225,0.709271153004447,0.551464333203037,0.742501170799913,0.524016493705262,0.651009539546226,0.678852657663762,0.779614255505235,0.81509543679045,0.669814094785298,0.518451558767928,0.660784682209055,0.490115295108031,0.782068478525681,0.93369429817109,1.21622472829703,0.753142262145895,0.965521984724465,0.670130880626492,0.566627390358824,0.442783772537785,0.929305031465483,0.931839917998258,0.946458058632834,0.772762602084949,0.617974974251014,0.87862732141335,1.0677587431161,0.836641703290436,0.734076432507799,0.851006232558408
"Annambhatta_Tarkasamgraha_segmented_complete",1.27588328292383,1.1611349145209,1.33577605759048,1.24548111799607,1.1396212071914,1.42170299312187,1.32275739080804,1.29566032617989,1.28180020712371,1.44901089889302,1.46335135498251,1.2387553264753,1.25254878269932,1.36574057529093,1.28579352883236,1.18527177546369,1.28315041341522,1.38238427889729,1.33204158892353,1.20264391643258,1.12752321484656,0,1.13543366007193,1.27480335765343,1.34766893990843,1.50346645602495,1.50465913341482,1.26239233726386,1.21720610932753,1.38624762645311,1.33852094899326,1.30245468586081,1.22604564922733,1.52906457964346,1.30511554656141,1.35234271951041,1.44905672977459,1.45497197227162,1.39618845808263,1.30944879574045,1.4675596293706,1.44392519083922,1.43997361149025,1.21784136634979,1.4393332102323,1.391764664688,1.41131354219631,1.25758467410899,1.36087719986753,1.11437936018018,1.24288066383839,1.23526048426357,1.35421488818304,1.39296126948996,1.20593120923481,1.2167698076033,1.28004236027057,1.36347791653459,1.25254878269932,1.28315041341522,1.37132488035367,1.30811935086895,1.19550679030728,1.3122237580675,1.24899912473479,1.25839855521688,1.23159624009254,1.27986010186617,1.4612464206482,1.64831189063361,1.44674277086211,1.34312926519656,1.29469923590405,1.22027643744049,1.0893460254123,1.30408522819973,1.20658982278074,1.29419980735625,1.30113248590543,1.22838359836667,1.48467171650052,1.41137214904571,1.37320051576504,1.27184078394893,1.37496874644655
"Asanga_Abhidharmasmuccaya_segmented_complete",0.852909652048612,0.620976423007514,0.783346516581805,0.678364000811896,0.625007312303624,0.841809550014884,0.791579324253329,0.709175745277014,0.780491357387442,0.946679811117183,0.911893258525667,0.707777647631642,0.72758650891375,0.868555604124544,0.788490736564231,0.671173873157447,0.768329529913387,1.04520576831019,0.937153395987737,0.694409305184018,0.530250770305112,1.13543366007193,0,0.759872762190319,0.896386643445378,0.880733418624817,1.14171952081944,1.10108998120621,0.755260568839169,1.05314998631529,1.03609079557857,0.890842474634034,0.613464993693619,0.957240868127322,0.992484716726849,0.977888908955721,0.991618823835667,1.10778653058073,1.06459298496057,0.795817234210085,1.05779928401661,0.989245147613669,1.0079127956607,0.817619326134426,0.83935946198097,0.876571347880874,1.03289138240348,0.768447930434119,0.909212225912272,0.851972894002043,0.633076632474622,0.630095265367432,0.868451928834266,0.931483871385813,0.803722928619866,0.799842061917589,0.779938795371179,0.946249689162496,0.72758650891375,0.768329529913387,0.882757545952172,0.899933057940451,0.883876722577077,0.682211540170399,0.682740395759376,0.793978287432889,0.65100841745993,0.893496793676307,1.16354348964585,1.39787366117301,0.998174596097586,1.14331329800426,0.790278951043776,0.542461690312086,0.444780340295417,0.997747943480808,1.00213637348837,1.0685379828867,0.938380135286648,0.718255376392101,1.05217420488448,1.10758578868581,0.988566633444526,0.79934542940402,1.0016112948532
"Bhaskara_BhGBh_segmented",0.592892766004673,0.64013114377737,0.553602493808703,0.51134624796157,0.590898752220838,0.787932386228482,0.648217529818611,0.470177724960746,0.759705787822022,0.729024026648045,0.846839619643852,0.447513702810508,0.533436721167741,0.596402142679563,0.648227872886488,0.673886351118353,0.691021092723154,0.967667188585736,0.707580311584231,0.856060031517211,0.549385494176225,1.27480335765343,0.759872762190319,0,0.663907084521246,0.745415909196035,0.992585979194337,1.09263606238257,0.71311744277203,0.835433499460361,0.905475043320248,0.870209137146276,0.602688150242219,0.865853275721679,0.913955893899893,0.940816929187285,0.828352841712505,0.950254368332939,0.850754048383131,0.696606934455433,0.811492846866962,1.05784054315349,1.07768482756817,0.628427627198947,0.934946620938278,1.20135564277731,0.937980619985736,1.01903804720566,0.628655634848686,0.808184013420694,0.506839747076841,0.502776979544175,0.688103194207981,0.754621402973928,0.962558896018592,0.870322375154422,0.467871381021299,0.658633315535587,0.533436721167741,0.691021092723154,0.573286951401468,0.690234100609089,0.779584733284761,0.683825110310696,0.610214647962084,0.609710384777033,0.554491841138649,0.960820432069983,0.927310952171648,1.04795403357807,0.58770257094097,0.739023146883321,0.673201010662234,0.742828244684509,0.574322675843252,0.961729947716572,0.81113618158912,0.968725941579139,0.802447208356833,0.693433700230968,0.901251831072804,1.16289398609938,0.896303699205674,0.871830300625813,0.698424512856315
