"","000_vivarana_unsandhied","001_LalitaBhasya_segmented_complete","002_Pseudosankara_Sanatsujatiya_segmented_complete","003_Pseudosankara_SvUBh_segmented_complete","004_Pseudosankara_Visnusahasranama_unsegmented_complete","005_Sankara_Adhyatmapatala_segmented_complete","006_Sankara_ AiUBh_segmented_complete","007_Sankara_BhGBh_segmented_complete","008_Sankara_IUBh_segmented_complete","009_Sankara_KeUBh_segmented_complete","010_Sankara_KeUBhVakya_segmented_complete","011_Sankara_ChUBh_segmented_complete","012_Sankara_KaUBh_segmented_complete","013_Sankara_ManUBh_segmented_complete","014_Sankara_MunUBh_segmented_complete","015_Sankara_NrsTBh_segmented_complete","016_Sankara_PrasUBh_segmented_complete","018_HastaBh_HastaBh_segmented_complete","Abhinavagupta_IsvPrV_segmented_complete","Abhinavagupta_Paramarthasara_segmented_complete","Abhinavagupta_Tantraloka_segmented_complete","Annambhatta_Tarkasamgraha_segmented_complete","Asanga_Abhidharmasmuccaya_segmented_complete","Bhaskara_BhGBh_segmented","Candrakirti_Bodhisattvayogacaracatuhsatakatika_segmented_complete","Candrakirti_Prasannapada_segmented_complete","Dharmakirti_Hetubindu_segmented","Dharmakirti_Nyayabindu_segmented","Dharmakirti_Pramanavartika_segmented_complete","Dharmakirti_Vadanyaya_segmented","Gangesa_Tattvacintamani_segmented","Jayarasi_Tattvopaplavasimha_segmented_complete","Kamalasila_Bhavanakrama_segmented_complete","Kamalasila_Madhyamakaloka_segmented_complete","Kavirajayati_Samkhyatattvapradipa_segmented_complete","Kumarila_MimSV5.4-9_segmented","Kumarila_Tantravartika2.2.1-4_segmented","Madhusudana_Advaitasiddhi_segmented_complete","Madhusudana_Siddhantabindu_segmented_complete","Madhva_Anuvyakhyana_segmented_complete","Mandana_Brahmasiddhi_prose","Mandana_Karikas_complete","Mandana_Vibhramaviveka_segmented_complete","Mathara_Matharavrtti_segmented_complete","Nagarjuna_MMK_segmented_complete","Nagarjuna_SuSapt_segmented_complete","Nagarjuna_VigV_segmented_complete","Nagarjuna_YuktSast_segmented_complete","Padmapada_Pancapadika_segmented_complete","Prasastapada_Padarth_segmented_complete","Ramanuja_BhGBh_segmented_complete","Ramanuja_Sribhasya_segmented_part","Ramanuja_Vedarth_segmented_complete","Sabara_MimSBh_segmented_1_7","Sadananda_Vedantasara_segmented_complete","Samkhyaparibhasa_segmented_complete","Sankara_BAUBh_segmented_complete","Sankara_bsbh_unsandhied","Sankara_KaUBh_segmented_complete","Sankara_PrasUBh_segmented_complete","Sankara_TaittUBh_segmented_complete","Sankara_Upad_Gadya_segmented_complete","Sarvamatasamgraha_segmented_complete","Sthiramati_Tvbh_segmented_complete","Suresvara_BAUBhV_segmented_Arthabhaga_Ajatasatru_Maitreyi","Suresvara_Naiskarmyasiddhi_segmented_complete","Suresvara_TaittUBhV_segmented_complete","Totaka_Sruti_segmented_complete","Udayana_Nyayakusumanjali_segmented_complete","Udayana_Nyayavarttikatatparyaparisuddhi_segmented_1.1_1.2","Vacaspati_Bhamati_segmented_complete","Vacaspati_Nyayasutravarttikatatparyatika_segmented_complete","Vasubandhu_AbhidhKBh_segmented_complete","Vasubandhu_Madhyantavibhagakarikabhasya_segmented_complete","Vasubandhu_MahaySABh_segmented_complete","Vasubandhu_VimsatikaKVr_segmented_complete copy","Vatsyayana_Nyayasutrabhasya_segmented_complete","Vedantaparibhasa_segmented_complete","Venkathanatha_Nyayaparisuddhi_segmented","Vijnanabhiksu_Samkhyasara_segmented_complete","Vimuktatman_Istasiddhi_segmented","Yamuna_ Isvarasiddhi_segmented","Yamuna_Atmasiddhi_segmented_complete","Yamuna_Samvitsiddhi_segmented_complete","Yuktidipika_segmented_complete"
"000_vivarana_unsandhied",0,0.778708773720831,0.706405599001226,0.626971746465143,0.766679406285104,0.888771476127014,0.764171996006784,0.655076565871635,1.01801882474349,0.838969758812732,0.828409056551118,0.591786039946481,0.722450927029213,0.714033299952523,0.78872980433952,0.747967177355207,0.736960916846024,0.943353466794799,0.711721768476996,0.975927211649548,0.727096944162966,1.2510027022868,0.861356255679394,0.607452747912806,0.755478790478225,0.818063958427425,0.922550447981516,1.09704268360655,0.709240827851605,0.841561477464864,0.882215671562487,0.813409697712525,0.730023043902225,0.902539761390396,0.862198525658986,0.915167814891345,0.880909107937684,0.841919651212307,0.906885968839586,0.768077880078965,0.771363251906237,1.00368721723739,1.10308455403886,0.706239499207227,1.04258245945445,1.22064911536488,0.996933384703121,1.12117099550673,0.613147422980793,0.789035910468811,0.712019570658078,0.710871852964743,0.795136182155686,0.828929565119609,1.08438737956084,1.03045720121899,0.559802749253671,0.523074394751626,0.722450927029213,0.736960916846024,0.683130810670607,0.737998803325745,0.724725876377857,0.771750353958691,0.731077252674152,0.711333873871687,0.704715278101561,0.976032294687164,0.842876766772485,0.958651484399089,0.661001073709794,0.768100447034392,0.749093532802242,0.862504784416436,0.678658276975426,1.04591918231673,0.798008893877056,0.890289447914083,0.725112974629005,0.73245377013474,0.87034661371963,1.09702762151162,0.86129696349719,0.973481119083856,0.684690677725227
"001_LalitaBhasya_segmented_complete",0.778708773720831,0,0.588470427766159,0.539592573272141,0.501584229273847,0.836597401113483,0.772659855235099,0.717734375514627,0.870269380270492,0.824421788996828,0.822884186578269,0.616028292189166,0.618733705057587,0.729069413416059,0.713502317127743,0.522889546892162,0.732483891003935,1.01174651932319,0.872997017220776,0.728687506101591,0.559841710531525,1.09992135092225,0.666111819565426,0.690196209799205,0.919381116887542,0.985097080757972,1.02560259598579,0.992825319955226,0.786903600117342,0.928754882154213,0.881483520638926,0.836604554151459,0.694294237635582,0.942547768810346,0.921961879051008,1.02592159863589,0.943415350770658,0.893417033721442,0.865922469022581,0.768563529374388,1.00244527646181,1.00531479098379,1.00486895539048,0.765869409717614,0.9391923185437,1.00911555491913,0.993991080403025,0.815197359252246,0.85883951604452,0.84738612867467,0.575435323615612,0.573881053025857,0.797600813441716,0.95532202302106,0.820608160406659,0.743345030254709,0.67798262848596,0.790003551574394,0.618733705057587,0.732483891003935,0.74913436600875,0.834050867325128,0.83660872662321,0.815304548126731,0.672125670641491,0.715335652442189,0.634564124815058,0.811243165382647,0.997856482236327,1.19703347008491,0.836554961690451,1.00676398976399,0.895635181487401,0.724219651292532,0.6345471477032,1.03802169555371,0.984454983260771,0.885521360619777,0.894227589908037,0.70146384829925,0.924611867748913,1.00992953987402,0.958937790554903,0.851534518479583,0.992547153878468
"002_Pseudosankara_Sanatsujatiya_segmented_complete",0.706405599001226,0.588470427766159,0,0.417471583197597,0.61029931041616,0.816698978054614,0.708132346829543,0.575553399160283,0.879372957079627,0.796646884510718,0.776459064887863,0.541744714439664,0.63624138647056,0.73185130390019,0.657703511711578,0.621051651418333,0.730892977960176,0.967988675061735,0.803944667753636,0.773856260622046,0.571265731986889,1.23193353526203,0.790542502256123,0.58964810638457,0.82012118671635,0.913150664300998,1.06298800437274,1.04272485764994,0.785973200407449,0.991067399660827,1.01150783263109,0.917445048765572,0.65687688270928,0.988718864550406,0.959263318375121,1.08010603058055,0.922240807848993,0.997536191712544,0.909323547323561,0.754005658980988,0.947125962997516,1.02103778722742,1.05166331999619,0.789680965197566,0.90898432622577,1.11178141324009,0.95601964422934,0.897831819646838,0.794950214752001,0.87490461844264,0.561992215691197,0.557896654702807,0.818244540288113,0.931535642960123,1.0037009754874,0.788210012306085,0.588744882771835,0.687063522968215,0.63624138647056,0.730892977960176,0.70083401126315,0.785695051819975,0.870397319393723,0.79678778355073,0.654057091842093,0.688259469012943,0.662152822098773,0.871100829419748,1.02345411443408,1.18764765461439,0.786038310332144,1.01466691271791,0.874754950522384,0.775139006438704,0.66934028673459,1.03480270139192,1.01748721309292,1.00707531061601,0.923953371616104,0.7411861544746,0.968660196001443,1.09013983516156,1.03993519884408,0.928068020136,0.952176491732989
"003_Pseudosankara_SvUBh_segmented_complete",0.626971746465143,0.539592573272141,0.417471583197597,0,0.509841615245716,0.763821203116861,0.627134450060091,0.535803705025096,0.845442497786915,0.75403520138971,0.746704313588499,0.480459077821736,0.52403979511897,0.64601830096659,0.629303162026522,0.511509703811663,0.656288922211507,0.914629561404235,0.737951526825977,0.699730650964101,0.493326040789127,1.14670712675477,0.691126289028093,0.543215194848973,0.767734158874576,0.853911728272904,0.995046858050028,0.981331273727111,0.707736309150913,0.91767715213427,0.928777140126121,0.857324446288167,0.604700130505026,0.908478189638554,0.836376429455968,0.992237426641719,0.897955290131528,0.907892562060128,0.807205874565334,0.658044242099555,0.902340282728572,0.968077308987598,0.994850780660775,0.679372543333726,0.836325726352036,1.01323658041333,0.913601286773166,0.841963834735522,0.769804857182421,0.821447365250208,0.481504705705822,0.478917671305806,0.683124740816965,0.860504663863851,0.918269812568625,0.693390554341901,0.52627345724724,0.602109838443438,0.52403979511897,0.656288922211507,0.636351755915474,0.712995840800484,0.790957892030967,0.706355519904793,0.582356055856119,0.615439637529238,0.550183614423348,0.799598037496297,0.964990999376728,1.12732593138348,0.722636792504129,0.941482149395535,0.755982802746609,0.696865029157508,0.556353514465271,0.996252029813063,0.944102369638397,0.911923271077587,0.857243462810512,0.60207499033065,0.875398874320751,1.07559648984027,0.921247744322461,0.868913077004646,0.888698358857295
"004_Pseudosankara_Visnusahasranama_unsegmented_complete",0.766679406285104,0.501584229273847,0.61029931041616,0.509841615245716,0,0.832322775084019,0.735262399747327,0.696027862121725,0.837525452793894,0.808979123228823,0.839517141820169,0.602343721580014,0.612046379771275,0.751165768548968,0.719930028666902,0.5798205879133,0.713886063986533,1.02802769275174,0.855146361315658,0.75078951294039,0.54837529837077,1.11476509718676,0.668508772940889,0.661469194855637,0.876545457564283,0.946045999693496,1.06295314975541,0.994718399576984,0.789913281692212,0.942810522712993,0.965110735659019,0.92955566106483,0.68188898972521,0.943532162810343,0.94814700078347,0.989381577816207,0.943083751345115,1.00055680742168,0.913757008562997,0.748402730947389,1.04353705335025,1.04201951224349,1.04392520186912,0.777564156538749,0.864468102766717,1.03360373512098,0.969865528992215,0.853388516679178,0.888656448116674,0.871503306160192,0.60053021659656,0.597026631556897,0.794357239360003,0.934630135164217,0.955567959062831,0.72925766677172,0.663915572411317,0.746609526578442,0.612046379771275,0.713886063986533,0.726896902983438,0.821353856711753,0.853628528416165,0.78885374826983,0.660988962900744,0.741079694389909,0.606563585937843,0.877374660619993,1.06227549172033,1.25392205994163,0.885911276245881,1.06413477679808,0.859558451113818,0.746640558342005,0.590159019310519,1.03831449795212,1.00046167845865,0.971564789938122,0.93641327624356,0.738071280429297,0.988737461592648,1.10467190000142,1.03097476015904,0.88851596777482,0.987430648281827
"005_Sankara_Adhyatmapatala_segmented_complete",0.888771476127014,0.836597401113483,0.816698978054614,0.763821203116861,0.832322775084019,0,0.841913321279198,0.785362724160133,0.899859734591548,0.901825541915204,0.868143665973418,0.75472277635903,0.77121034969327,0.880705653113256,0.802441411232266,0.795743740932507,0.866613836920516,1.04406482821626,1.08657310144593,0.933439797021417,0.813143419145218,1.34482055816487,0.858954349469093,0.821770664865881,0.974714489427339,1.10084524817992,1.14272573199899,1.20046488569882,0.916819040199023,1.01716118327985,1.06814394482795,1.01738840102271,0.862664771266932,1.09811511244803,1.05973319538825,1.1507213901414,1.11169125721752,1.09666007086673,1.02538867116691,0.918968704481806,1.12826061105944,1.13429660048272,1.09706999228394,0.948474616075989,1.0751104248001,1.19678866177065,1.07052271057159,1.01495468149317,0.947206386069963,1.01819395657426,0.809384257462905,0.810507294086454,0.99513464918844,1.04321706682819,1.00710015134323,0.934612744884902,0.761068635204219,0.854128429991903,0.77121034969327,0.866613836920516,0.837807714392277,0.825245346105537,0.995689543610242,0.905294889800142,0.844878547056384,0.873855440297708,0.803989160451186,0.970816738526779,1.14568663928887,1.33304062541844,0.998914825725676,1.18903438933377,0.976640334495295,0.924550007769329,0.769507431314686,1.10792187059965,1.10082708764602,1.12105231314955,1.0191075168192,0.867771845627333,1.05565184649061,1.09844912849859,1.12460162438843,0.96306927262164,1.09637914609992
"006_Sankara_ AiUBh_segmented_complete",0.764171996006784,0.772659855235099,0.708132346829543,0.627134450060091,0.735262399747327,0.841913321279198,0,0.629916528449033,0.85685357412117,0.736607148169993,0.80498989036972,0.555135601629619,0.629313996503344,0.6930974841573,0.6526109007922,0.72303820703328,0.692919081498689,0.922876990527169,0.812738915782763,0.807111706811697,0.656463654535639,1.24536190724079,0.797430074356724,0.666731103762953,0.888678702999575,0.938727052487102,1.08607242115247,1.03590714693706,0.827618395357406,0.944129138840018,0.976225523275146,0.917881748736131,0.735794985597358,1.02663908738101,1.00884623913854,1.07248747118807,0.960192772868857,0.920504328502365,0.849234444934516,0.804077679331353,0.937472975861899,1.06637616292134,1.07446074907106,0.847206698637489,0.99166194907367,1.13914081501602,1.02945814909711,1.00471550456344,0.760393496919906,0.955911406285118,0.65522859172323,0.646313599089912,0.799876048786279,0.903327875977199,1.01991938773883,0.930966083269836,0.495457706853597,0.690015731949325,0.629313996503344,0.692919081498689,0.660333130688419,0.774543639436996,0.910001107976348,0.865068084849415,0.660044601202067,0.674410253026494,0.64550875753337,0.943021339417825,0.987935165421694,1.16336293748956,0.781107146581406,1.00645102051199,0.861259597404959,0.838044525590056,0.71284829695795,1.10035112630046,0.981094150468139,0.924356357054515,0.86759821993153,0.755827158187104,0.952275673537326,1.06483805727128,0.968134699854356,0.983400537852543,0.935007398542985
"007_Sankara_BhGBh_segmented_complete",0.655076565871635,0.717734375514627,0.575553399160283,0.535803705025096,0.696027862121725,0.785362724160133,0.629916528449033,0,0.753688707289638,0.691954427625641,0.791801701078297,0.457213203776473,0.556195936696455,0.603052196764113,0.614986661781473,0.660592173883412,0.691358594224885,0.953711306821145,0.781682211812426,0.848312591912389,0.605022650321792,1.24340592826383,0.755294787039782,0.477872895080921,0.766804982275097,0.788749328669348,1.0292356047887,1.0855831695481,0.760920702432303,0.911593546376319,0.971625988595498,0.917390155201062,0.669995287380942,0.957967662980842,0.966459083544444,1.03413545023962,0.895014067965929,0.919587994280712,0.891369702487136,0.729199306962584,0.892685366075001,1.03865903425483,1.07776071198311,0.708111611379693,0.889098385593273,1.1118554354273,0.97565690590019,1.03407579442809,0.756707965995858,0.854094438584278,0.498857603763719,0.493968465009698,0.782887816571776,0.812780402494665,1.02884411101005,0.839765062668503,0.472388149868919,0.652170476370203,0.556195936696455,0.691358594224885,0.565383365306765,0.708451274205249,0.839611442379839,0.760502303420996,0.619244441142603,0.636038778878313,0.595120785023898,0.935683079632494,0.995219996035992,1.12008408160199,0.721012615644328,0.916903494823788,0.768397726657543,0.765878108727827,0.616202234282663,1.04126177575287,0.903216841471689,0.932394267309497,0.835952981485712,0.71818422999402,0.923554877394566,1.09630388946945,0.948514034179295,0.90336446769011,0.814148060618827
"008_Sankara_IUBh_segmented_complete",1.01801882474349,0.870269380270492,0.879372957079627,0.845442497786915,0.837525452793894,0.899859734591548,0.85685357412117,0.753688707289638,0,0.900989315051014,0.989725856161544,0.777139035883061,0.810365412949548,0.913229185362071,0.76332985346928,0.859213579503819,0.918871138972757,1.18285922381722,1.10792391377427,0.958046049271384,0.841614733801013,1.29713045034939,0.871112549338046,0.828316282279634,1.0687769343719,1.1089417783402,1.2167111572699,1.12218321500103,1.00619698877664,1.09204703387982,1.2249838042434,1.12641239204457,0.909503359157529,1.19492650806044,1.1350389751799,1.22642274403384,1.12794121132474,1.24940893436368,1.11093502335086,0.999944575337828,1.21453031625985,1.19282177476632,1.19221032818833,1.00737828129546,1.03830621912382,1.14387869289507,1.09581930913626,1.06939672133623,1.10595684616532,1.05815193734447,0.83654764813003,0.83016196069724,1.03960037549803,1.04240847513166,1.11514224464683,0.951984146022916,0.837869509255341,0.936565167420263,0.810365412949548,0.918871138972757,0.889860132396813,1.000630699735,1.03366116382568,1.0000960209608,0.879257781810089,0.946034840041976,0.830836641791137,1.05445141129681,1.24867297788506,1.40473031647211,1.08273690383784,1.19737954018562,0.977364598129549,0.894919398255676,0.841150430191886,1.1138784419495,1.14701001473267,1.21078663198026,1.12295318439847,0.972759961327586,1.19634896695097,1.24167040603617,1.23886259505566,1.0472694405947,1.13535822410581
"009_Sankara_KeUBh_segmented_complete",0.838969758812732,0.824421788996828,0.796646884510718,0.75403520138971,0.808979123228823,0.901825541915204,0.736607148169993,0.691954427625641,0.900989315051014,0,0.804009786905484,0.620216182386704,0.71787860457839,0.772439741546309,0.706940819023238,0.766342211551871,0.777967587567957,1.09337393181454,0.90544785260687,1.00083904280308,0.796232121274718,1.31201988534809,0.909808122342254,0.702459109865435,0.97318271585257,1.00068937335173,1.13903953973866,1.11874655819934,0.913841306741824,0.990715922262089,1.05430483943215,1.01481361454557,0.860718378891356,1.0346754743735,1.10556965044547,1.12386874778256,0.969156484796072,1.01646980780097,1.02090986014077,0.875690006930232,1.00290320376855,1.10680309007997,1.15056078251576,0.885452593274299,1.07040103040645,1.2530815447045,1.08273481541775,1.08996840136955,0.806353458015448,0.91362841764474,0.7422655493251,0.737356507430695,0.869126823927952,0.90323180218148,1.09226802826882,1.01316309675828,0.621595031341136,0.764448337303325,0.71787860457839,0.777967587567957,0.663103210226416,0.833431003607946,0.974829576127826,0.877365976080462,0.775098229222272,0.796604247571129,0.695661510517045,0.973028512028171,1.04089879638636,1.16594431666404,0.859701108214422,1.01317823906443,0.892923632027288,0.870797878540401,0.774537391232576,1.11153406613384,1.00119036658775,1.02991979945105,0.938133476733828,0.868656969346832,1.06903393797422,1.1432237773034,1.05115522579679,1.01331248424894,0.968725618280343
"010_Sankara_KeUBhVakya_segmented_complete",0.828409056551118,0.822884186578269,0.776459064887863,0.746704313588499,0.839517141820169,0.868143665973418,0.80498989036972,0.791801701078297,0.989725856161544,0.804009786905484,0,0.770390226835996,0.809260029785322,0.862107161099688,0.760290852521046,0.814164286292945,0.886192157941926,1.0246875656635,1.02339060980354,0.92804687628314,0.832370221913639,1.34765235188137,0.890215182499982,0.832831930726256,0.984939631273528,1.04398526486485,1.09634435958794,1.09888922069599,0.919436570000633,0.996071102616872,0.984323946112232,1.0053881268764,0.882165813214727,1.08937835397084,1.0724514320707,1.10895500518035,1.0956362513339,0.969347265735466,0.968824918683675,0.921575834985321,1.02395304323707,1.06760840108739,1.12339703066064,0.958307083444174,1.04801781789542,1.13294354821906,1.08857843049926,1.04196364928587,0.859564655954894,0.9602607551594,0.805254847237384,0.800663022850049,0.965166579526262,1.12651698430313,1.09477941537024,0.94246303512627,0.750257573104788,0.830508527764529,0.809260029785322,0.886192157941926,0.720015358993613,0.832011191021574,0.929837991363368,0.885062217648463,0.834245047207717,0.815532047417244,0.779383886989734,0.905782428622412,1.03454041091789,1.24235814367509,0.950778439471,1.14492776612735,0.985782462558185,0.879100164347854,0.794408183668241,1.11850835356874,1.0831650250622,1.00441529072732,1.0284835011317,0.865752762992426,0.991643593436557,1.07539776225282,1.05570140574399,1.00729746303426,1.05462517429026
"011_Sankara_ChUBh_segmented_complete",0.591786039946481,0.616028292189166,0.541744714439664,0.480459077821736,0.602343721580014,0.75472277635903,0.555135601629619,0.457213203776473,0.777139035883061,0.620216182386704,0.770390226835996,0,0.479571499240569,0.520219462226852,0.561298443377435,0.550957023971618,0.537441206494285,0.961403663788992,0.686567709034733,0.797177493215695,0.501552972811961,1.18267646946782,0.715022918340404,0.467028566901999,0.712361518389296,0.767406752690276,0.976693481779835,1.0034307223728,0.677098240518248,0.86439682062114,0.911933172627219,0.858833815614598,0.62779369327947,0.83283669836712,0.885527703724292,0.972867146551686,0.83994871422913,0.882978599975006,0.82958936965479,0.642803662352076,0.850634696195741,0.979976544964179,1.02964627747798,0.679784725130411,0.887312757364914,1.09989575220406,0.89916050659668,0.939022157829295,0.670128164125938,0.758492226028315,0.51799872773631,0.513297190310093,0.682736424308934,0.716211130880816,0.962784071585295,0.825706316092348,0.329456884642834,0.519526455348236,0.479571499240569,0.537441206494285,0.513382475078734,0.695230055073539,0.777628183939262,0.693068330519339,0.525193479442461,0.567807933033334,0.499908215322936,0.832173766633107,0.866364412433894,1.01944992912768,0.631022809150473,0.843556489495109,0.729132644341079,0.705132774497139,0.546374920294898,1.03147182130003,0.844997843350872,0.907843797784852,0.744422561108662,0.640108222885193,0.864569367042818,1.05500274361195,0.882407054327779,0.854145455620233,0.781233858602332
"012_Sankara_KaUBh_segmented_complete",0.722450927029213,0.618733705057587,0.63624138647056,0.52403979511897,0.612046379771275,0.77121034969327,0.629313996503344,0.556195936696455,0.810365412949548,0.71787860457839,0.809260029785322,0.479571499240569,0,0.57157383503133,0.578777399474331,0.609889397964986,0.642382091687211,1.0047638737514,0.758974134217721,0.766341840268751,0.57310991606961,1.17296930978207,0.754655426086687,0.597389542505411,0.770272675069894,0.830329297021034,0.989707893138724,0.986563656808432,0.764860166682414,0.921964826014533,0.924860175577321,0.843198857665368,0.639330399885177,0.93602510390929,0.937173312080198,0.9697971123846,0.921570589609998,0.903297406171573,0.88181862832288,0.738391181970808,0.931092388361899,1.01910061454176,1.02349477769519,0.735420188231745,0.892293788709083,1.07956840157348,0.977754346094799,0.935890780729785,0.756826470683463,0.886788315654022,0.5831278309334,0.576160109038828,0.766739551535324,0.863807510690553,0.938101376781809,0.834695786803697,0.513674506321791,0.699384986230977,0,0.642382091687211,0.568794294755882,0.736051218557609,0.848215973650722,0.772125413372573,0.61603000930413,0.658208231733718,0.583037781604238,0.843150131008941,0.956624122390034,1.11814752814828,0.748273474240777,0.951979879985932,0.783285610749438,0.733031753738064,0.623908784151166,1.0402881990275,0.907709421989552,0.916376152835898,0.826990949070585,0.711235849188992,0.902048254771378,1.08371360348581,0.906662326007152,0.849544259235135,0.861051012614875
"013_Sankara_ManUBh_segmented_complete",0.714033299952523,0.729069413416059,0.73185130390019,0.64601830096659,0.751165768548968,0.880705653113256,0.6930974841573,0.603052196764113,0.913229185362071,0.772439741546309,0.862107161099688,0.520219462226852,0.57157383503133,0,0.711862599824554,0.727359156668713,0.680137255111879,0.986431562254618,0.70825225904797,0.859249599553138,0.675346878350602,1.28815818611661,0.83950886132331,0.610538889834497,0.785440761579314,0.808191963460172,0.956534344780833,1.00577455727683,0.767979451297595,0.876224279428431,0.93462170477967,0.875490874292219,0.703787110799826,0.80261964092482,0.914884517086112,1.01309792270486,0.975229449299424,0.879065065348386,0.888347164759473,0.747128067961946,0.901604483098275,1.02373651217191,1.03374285636262,0.787149444871244,0.951305613679044,1.14226061926302,0.93122734001063,1.01499588569112,0.752412931909508,0.946459464536576,0.719338821498179,0.714493130309027,0.84199975495264,0.873770891799805,1.0333510836601,0.944080914182923,0.535077068723012,0.695761566588697,0.57157383503133,0.680137255111879,0.663261594688243,0.73989257202057,0.868691444635072,0.823750859331814,0.623470349402299,0.638708397526515,0.644848849532772,0.886044229344855,0.936014392170295,1.04151878172803,0.738545149258863,0.885615084848348,0.807937313789635,0.802998099269602,0.691673995756924,1.04356184879755,0.918068757388701,0.939053700654088,0.850724726560133,0.734582313862253,0.789133558691474,1.10680427131635,0.902633821765921,0.85778464497531,0.812908465363282
"014_Sankara_MunUBh_segmented_complete",0.78872980433952,0.713502317127743,0.657703511711578,0.629303162026522,0.719930028666902,0.802441411232266,0.6526109007922,0.614986661781473,0.76332985346928,0.706940819023238,0.760290852521046,0.561298443377435,0.578777399474331,0.711862599824554,0,0.681317282487395,0.622626298078949,1.03530248311204,0.887473820671976,0.807619824142858,0.65388356841782,1.2148021956017,0.785685737167896,0.673537054639059,0.905880760550664,0.97549910915249,1.07533149583437,1.05262880943727,0.849615852067255,0.957002677004216,1.01725045973737,0.905059522106245,0.788585496231885,1.04319167745943,1.04243450554902,1.02079777371339,1.00544422004466,0.999852233319828,0.932682348925992,0.831751187479692,1.0091177437652,1.08602023855274,1.15181720164191,0.817212731307796,0.97763173628377,1.10355835350363,0.992400206694102,0.982119170643743,0.830573605319846,0.898275670910043,0.631890071209266,0.628365588473967,0.849254006540755,0.975016227308632,0.954069469795042,0.855449765010158,0.54272056504092,0.750007763123392,0.578777399474331,0.622626298078949,0.597241719847152,0.750745180132638,0.90674176677371,0.860511040791735,0.722756067178999,0.74357957408525,0.650922069970825,0.869355526564042,1.05678688243928,1.24997195122046,0.872659906807901,1.07082837465647,0.865976297096715,0.789171816141555,0.680943023358663,1.05528391252779,1.0209952284083,0.95872265741797,0.960382442137072,0.790165844145998,1.01841666263954,1.08658461235858,1.04065157896641,0.963730199299108,0.947399380317105
"015_Sankara_NrsTBh_segmented_complete",0.747967177355207,0.522889546892162,0.621051651418333,0.511509703811663,0.5798205879133,0.795743740932507,0.72303820703328,0.660592173883412,0.859213579503819,0.766342211551871,0.814164286292945,0.550957023971618,0.609889397964986,0.727359156668713,0.681317282487395,0,0.684953948319723,0.974974820431067,0.780143941574502,0.696921511721321,0.513027462290514,1.07514313795518,0.652410824513727,0.668303732101751,0.832714661269847,0.910113790318696,1.0471752752109,0.977205109953793,0.783572471834653,0.904366270941999,0.93479899353475,0.824859180488065,0.683904295406112,0.94137408021434,0.922562147175422,0.982607940713862,0.899754915657384,0.926179380384026,0.890249159562529,0.725910228006314,1.00904534084468,0.974056073680987,0.983867781603708,0.749201457875638,0.891721532854988,0.966917426763623,0.862479545207866,0.796555830881125,0.842860840099424,0.819221671015752,0.57933284281314,0.573838887530287,0.748259697743809,0.829826799817393,0.870020708933587,0.772898940375723,0.6275897747369,0.702060684373712,0.609889397964986,0.684953948319723,0.731761514693025,0.798339258986437,0.831922025090325,0.752164550334958,0.636117608819844,0.702971098535835,0.576895968182235,0.793216282423041,1.00277974838351,1.18707653366377,0.822509763456174,1.02941914726897,0.839125375145939,0.728858907659717,0.601252839248234,0.998480746468759,0.966644955486596,0.923324374803265,0.865546966563674,0.71702309315096,0.934384964576542,1.04853398373382,0.922883117196671,0.841328864404246,0.966673967203899
"016_Sankara_PrasUBh_segmented_complete",0.736960916846024,0.732483891003935,0.730892977960176,0.656288922211507,0.713886063986533,0.866613836920516,0.692919081498689,0.691358594224885,0.918871138972757,0.777967587567957,0.886192157941926,0.537441206494285,0.642382091687211,0.680137255111879,0.622626298078949,0.684953948319723,0,1.02307176059367,0.810832871472703,0.869769378203579,0.645256807697794,1.23320791909945,0.788727597558375,0.71057901017827,0.880570568503653,0.940477597292894,1.01524160839517,0.974536463162829,0.810160533183782,0.911665678342028,0.979518198300116,0.916855867028276,0.739149446486151,0.916341881770506,0.93154945271463,1.01497705409068,0.984268853741304,0.966859607133156,0.941949303570741,0.780471879986356,1.01779588206376,1.02722054667147,1.109428878995,0.732009178304475,1.02268562934027,1.14213813708018,0.978935004374796,0.978215573119495,0.813857128859233,0.908278522196214,0.674643348121302,0.672160790399351,0.785376370076237,0.93260132904618,1.01397731271376,0.858755597804208,0.565926996090697,0.747398203416914,0.642382091687211,0,0.662999275859456,0.7877350849647,0.902390849552388,0.822154090502808,0.736188887177521,0.758969283445015,0.683506355125357,0.896888865238399,0.973473122021942,1.18158410046554,0.858671420962952,1.02228966775119,0.844925129748791,0.806903333305634,0.654535814890929,1.10936019219261,0.962778139071361,0.954737781157888,0.859826573703869,0.791926224376816,0.96482400365504,1.11550976453006,0.997475681420633,0.934260519132977,0.930484050811874
"018_HastaBh_HastaBh_segmented_complete",0.943353466794799,1.01174651932319,0.967988675061735,0.914629561404235,1.02802769275174,1.04406482821626,0.922876990527169,0.953711306821145,1.18285922381722,1.09337393181454,1.0246875656635,0.961403663788992,1.0047638737514,0.986431562254618,1.03530248311204,0.974974820431067,1.02307176059367,0,1.07206381339535,1.01690670517139,0.994615360945131,1.29070928356315,1.03341526851967,0.962798353080616,1.03578500215768,1.11906927905782,1.24504474211452,1.22126880310518,1.09916954160876,1.12102103001098,1.15641382178242,1.13421553187082,0.929908093544107,1.22652200857255,1.08300061227435,1.24302610290674,1.23895295263404,1.1430367221709,1.07093954942438,1.05520432837899,1.12944703023501,1.19858620740422,1.19880772228021,1.09660846027254,1.13132340819358,1.23415451675848,1.15838251640551,1.10484133484607,1.05826277395923,1.18689730487863,1.02982345994744,1.02685954196456,1.11044474154635,1.11936554101826,1.22659284107502,1.13658188144953,0.927460537594275,0.954500693510938,1.0047638737514,1.02307176059367,1.00503901369621,1.00950034309417,1.06833087403683,1.00729622955687,0.984979134421142,0.946988098386924,0.946741543639217,1.06748958114401,1.15852854624726,1.27921740616227,1.03051927957722,1.20137513324095,1.07262798404021,1.06566826923992,0.929807122089842,1.19089596119952,1.15775219798801,1.11580472002938,1.18619851060583,0.971131354588904,1.08924412551784,1.14528286640585,1.10995647825533,1.05312764348916,1.18676813138738
"Abhinavagupta_IsvPrV_segmented_complete",0.711721768476996,0.872997017220776,0.803944667753636,0.737951526825977,0.855146361315658,1.08657310144593,0.812738915782763,0.781682211812426,1.10792391377427,0.90544785260687,1.02339060980354,0.686567709034733,0.758974134217721,0.70825225904797,0.887473820671976,0.780143941574502,0.810832871472703,1.07206381339535,0,0.90418279252617,0.648282781957279,1.25381312035291,0.923135193635964,0.703824246247013,0.77766247876918,0.820989478654524,0.894515865319061,1.07573700796501,0.75796420157139,0.890164766128797,0.878839381274953,0.828103075329319,0.750991269465048,0.837772525149592,0.903126044700714,1.01761612255803,0.84758354210674,0.817093140846905,0.931312388024352,0.726013713824268,0.815011131259522,1.03147446393083,1.01971429723888,0.852635762644793,1.00846354558285,1.23643776328056,1.01741396795858,1.12735552150728,0.72835728673174,0.932771739186206,0.789966800134543,0.784471276851708,0.788345396109265,0.875925354904598,1.09680872931597,1.05079399701378,0.673347303210909,0.709608823274364,0.758974134217721,0.810832871472703,0.766028454825462,0.830687953322277,0.864780723317845,0.82973595379067,0.7463097181008,0.751842623158237,0.743970651442263,0.964017517826946,0.846272482729827,0.869628231352329,0.659950533614385,0.770842929752189,0.796168984997891,0.910872392827184,0.749563832556588,1.16773717195938,0.946832192057239,0.902030308736409,0.740732573866549,0.805646941888277,0.809136948853658,1.16973710696124,0.791162995557166,0.880930229542007,0.864578799470545
"Abhinavagupta_Paramarthasara_segmented_complete",0.975927211649548,0.728687506101591,0.773856260622046,0.699730650964101,0.75078951294039,0.933439797021417,0.807111706811697,0.848312591912389,0.958046049271384,1.00083904280308,0.92804687628314,0.797177493215695,0.766341840268751,0.859249599553138,0.807619824142858,0.696921511721321,0.869769378203579,1.01690670517139,0.90418279252617,0,0.587502634412065,1.08050293943367,0.701999821665965,0.871174582309026,0.974438394273184,1.04459957203315,1.19094353378144,1.05514787006186,0.866408002301551,1.04818903143193,1.05229524683114,0.916616453066332,0.682249498224069,1.0557286630991,0.948316812920361,1.11371047219204,1.07523813543116,1.12124020430098,0.969739593396839,0.856742164009547,1.16645335118912,1.03965755158217,0.896507229201627,0.923123930387941,0.870059589786243,0.874345621043641,0.990183295726004,0.741807027689942,1.00592683021826,0.989438043985637,0.71280615920047,0.709076062150415,0.941090331288398,1.11413833529358,0.998024252327739,0.750187736897862,0.848901370592431,0.932529736749275,0.766341840268751,0.869769378203579,0.945384388904808,0.88035554404607,0.973713192838763,0.884041558892582,0.808478599517564,0.855037115643182,0.749994847881162,0.751820262770598,1.15114433242958,1.37971552276782,1.01418522261088,1.21864562556387,0.922510503325195,0.764205991500726,0.739653325611078,1.03736520257222,1.10988175417316,1.08284300853162,1.02632947923559,0.754311344996125,1.04482036081888,1.03175609397766,1.04834313817003,0.815630515288963,1.15722482422577
"Abhinavagupta_Tantraloka_segmented_complete",0.727096944162966,0.559841710531525,0.571265731986889,0.493326040789127,0.54837529837077,0.813143419145218,0.656463654535639,0.605022650321792,0.841614733801013,0.796232121274718,0.832370221913639,0.501552972811961,0.57310991606961,0.675346878350602,0.65388356841782,0.513027462290514,0.645256807697794,0.994615360945131,0.648282781957279,0.587502634412065,0,1.04571022837321,0.568722800176117,0.61155395746378,0.731629914824299,0.795357877727605,0.932236104644199,0.990922114542651,0.595406801696084,0.872814693696278,0.80254726929334,0.778481877139788,0.491625070492646,0.851695415244832,0.837652433811204,0.884332085232366,0.837207862602009,0.850006853948513,0.79812074094576,0.570323588784625,0.876284194360976,0.855084123181421,0.82073055879633,0.656958303956427,0.762128262896791,0.88799287797857,0.843000963446162,0.777318352396683,0.74534086653006,0.782981390491926,0.497448543024101,0.494277347944587,0.716133539153278,0.809253286007216,0.841574659929968,0.686451022881956,0.549006396271081,0.688596578713009,0.57310991606961,0.645256807697794,0.689442431250299,0.746505309255157,0.760198470757857,0.668769914709464,0.526065056349456,0.616610404838488,0.492908330279638,0.699265286071363,0.872978407932931,1.12102897577575,0.739275995423916,0.96337267954559,0.687970539871277,0.603844768429697,0.449468320373776,0.944577116407985,0.93032336832017,0.83899144938023,0.740861377619427,0.593546988002994,0.801055819956993,0.965882128259349,0.794256324951966,0.732542915734871,0.869165565421382
"Annambhatta_Tarkasamgraha_segmented_complete",1.2510027022868,1.09992135092225,1.23193353526203,1.14670712675477,1.11476509718676,1.34482055816487,1.24536190724079,1.24340592826383,1.29713045034939,1.31201988534809,1.34765235188137,1.18267646946782,1.17296930978207,1.28815818611661,1.2148021956017,1.07514313795518,1.23320791909945,1.29070928356315,1.25381312035291,1.08050293943367,1.04571022837321,0,1.06921910290326,1.2500940265221,1.26146604649872,1.4111986679823,1.37810812990065,1.13295261741319,1.17961091048524,1.29388659890394,1.19202135343083,1.23340386224396,1.12666244943258,1.44733639301841,1.19432558877047,1.31909808995496,1.37189554024714,1.33952898615575,1.27323775429434,1.24010432688466,1.43691803202998,1.33242436254078,1.29328355744474,1.18826014159564,1.32421382632473,1.28038403490092,1.28818177444518,1.09171860128382,1.33738135100724,1.04114093694804,1.17810023505933,1.17022963802426,1.29826257712248,1.33755236080887,1.20947625666245,1.13087672111484,1.21196747431475,1.27024554790678,1.17296930978207,1.23320791909945,1.29003012366086,1.21867022853326,1.14119120875805,1.19147880702907,1.17834159834355,1.13799199347846,1.1219790908678,1.14579993783125,1.34974074943879,1.53170134944995,1.38739625419485,1.34610762954463,1.21891683927139,1.1273844446619,1.01920235726989,1.2909167937663,1.22226485076769,1.22250009161108,1.25788455926564,1.18320758839574,1.39288770447318,1.28865483706849,1.27491705853069,1.22135019590854,1.34109988295951
"Asanga_Abhidharmasmuccaya_segmented_complete",0.861356255679394,0.666111819565426,0.790542502256123,0.691126289028093,0.668508772940889,0.858954349469093,0.797430074356724,0.755294787039782,0.871112549338046,0.909808122342254,0.890215182499982,0.715022918340404,0.754655426086687,0.83950886132331,0.785685737167896,0.652410824513727,0.788727597558375,1.03341526851967,0.923135193635964,0.701999821665965,0.568722800176117,1.06921910290326,0,0.797906491401242,0.897952421621897,0.876368489258169,1.05516461265391,1.00713862908234,0.750644280458349,1.01227213137769,0.995571739386605,0.894709503028724,0.61965238093993,0.923961674032405,0.949967339661279,0.97360397464258,0.995282774355882,1.05182170822347,0.989607429296183,0.794659565302014,1.075476768792,0.967818562230452,0.946442839554941,0.829800129799623,0.804847371717968,0.894380168666972,0.9291685220672,0.767260887459855,0.946161091647575,0.844233592903618,0.675778884812698,0.672892339189044,0.910799740181777,0.930888807784429,0.94006564775468,0.766775455321761,0.759257617726837,0.901290523003994,0.754655426086687,0.788727597558375,0.879342509496369,0.866647537595123,0.850371326318776,0.688598276991625,0.704197956387793,0.779098829431439,0.653649247780837,0.835779210475911,1.11916692790378,1.30956033577833,0.993275416052586,1.13222711442927,0.775134181650383,0.586279954441871,0.4833677881928,1.01312199326541,0.984063994257572,1.00080823224406,0.922002215822446,0.7485102252488,1.00408454309182,1.03400981802531,0.974454293252269,0.854449746657457,1.00645869352234
