"","000_vivarana_unsandhied","001_LalitaBhasya_segmented_complete","002_Pseudosankara_Sanatsujatiya_segmented_complete","003_Pseudosankara_SvUBh_segmented_complete","004_Pseudosankara_Visnusahasranama_unsegmented_complete","005_Sankara_Adhyatmapatala_segmented_complete","006_Sankara_ AiUBh_segmented_complete","007_Sankara_BhGBh_segmented_complete","008_Sankara_IUBh_segmented_complete","009_Sankara_KeUBh_segmented_complete","010_Sankara_KeUBhVakya_segmented_complete","011_Sankara_ChUBh_segmented_complete","012_Sankara_KaUBh_segmented_complete","013_Sankara_ManUBh_segmented_complete","014_Sankara_MunUBh_segmented_complete","015_Sankara_NrsTBh_segmented_complete","016_Sankara_PrasUBh_segmented_complete","018_HastaBh_HastaBh_segmented_complete","Abhinavagupta_IsvPrV_segmented_complete","Abhinavagupta_Paramarthasara_segmented_complete","Abhinavagupta_Tantraloka_segmented_complete","Annambhatta_Tarkasamgraha_segmented_complete","Asanga_Abhidharmasmuccaya_segmented_complete","Bhaskara_BhGBh_segmented","Candrakirti_Bodhisattvayogacaracatuhsatakatika_segmented_complete","Candrakirti_Prasannapada_segmented_complete","Dharmakirti_Hetubindu_segmented","Dharmakirti_Nyayabindu_segmented","Dharmakirti_Pramanavartika_segmented_complete","Dharmakirti_Vadanyaya_segmented","Gangesa_Tattvacintamani_segmented","Jayarasi_Tattvopaplavasimha_segmented_complete","Kamalasila_Bhavanakrama_segmented_complete","Kamalasila_Madhyamakaloka_segmented_complete","Kavirajayati_Samkhyatattvapradipa_segmented_complete","Kumarila_MimSV5.4-9_segmented","Kumarila_Tantravartika2.2.1-4_segmented","Madhusudana_Advaitasiddhi_segmented_complete","Madhusudana_Siddhantabindu_segmented_complete","Madhva_Anuvyakhyana_segmented_complete","Mandana_Brahmasiddhi_prose","Mandana_Karikas_complete","Mandana_Vibhramaviveka_segmented_complete","Mathara_Matharavrtti_segmented_complete","Nagarjuna_MMK_segmented_complete","Nagarjuna_SuSapt_segmented_complete","Nagarjuna_VigV_segmented_complete","Nagarjuna_YuktSast_segmented_complete","Padmapada_Pancapadika_segmented_complete","Prasastapada_Padarth_segmented_complete","Ramanuja_BhGBh_segmented_complete","Ramanuja_Sribhasya_segmented_part","Ramanuja_Vedarth_segmented_complete","Sabara_MimSBh_segmented_1_7","Sadananda_Vedantasara_segmented_complete","Samkhyaparibhasa_segmented_complete","Sankara_BAUBh_segmented_complete","Sankara_bsbh_unsandhied","Sankara_KaUBh_segmented_complete","Sankara_PrasUBh_segmented_complete","Sankara_TaittUBh_segmented_complete","Sankara_Upad_Gadya_segmented_complete","Sarvamatasamgraha_segmented_complete","Sthiramati_Tvbh_segmented_complete","Suresvara_BAUBhV_segmented_Arthabhaga_Ajatasatru_Maitreyi","Suresvara_Naiskarmyasiddhi_segmented_complete","Suresvara_TaittUBhV_segmented_complete","Totaka_Sruti_segmented_complete","Udayana_Nyayakusumanjali_segmented_complete","Udayana_Nyayavarttikatatparyaparisuddhi_segmented_1.1_1.2","Vacaspati_Bhamati_segmented_complete","Vacaspati_Nyayasutravarttikatatparyatika_segmented_complete","Vasubandhu_AbhidhKBh_segmented_complete","Vasubandhu_Madhyantavibhagakarikabhasya_segmented_complete","Vasubandhu_MahaySABh_segmented_complete","Vasubandhu_VimsatikaKVr_segmented_complete copy","Vatsyayana_Nyayasutrabhasya_segmented_complete","Vedantaparibhasa_segmented_complete","Venkathanatha_Nyayaparisuddhi_segmented","Vijnanabhiksu_Samkhyasara_segmented_complete","Vimuktatman_Istasiddhi_segmented","Yamuna_ Isvarasiddhi_segmented","Yamuna_Atmasiddhi_segmented_complete","Yamuna_Samvitsiddhi_segmented_complete","Yuktidipika_segmented_complete"
"000_vivarana_unsandhied",0,0.512815813513086,0.571285562186806,0.546401662558004,0.547605935098539,0.574316416735614,0.605680982107202,0.549560893840852,0.583091864913357,0.65876729938403,0.625347337595155,0.537522500851463,0.581777245668594,0.609911985551473,0.619973331060187,0.542950688113693,0.611707716283833,0.669258005594874,0.507323469207494,0.434582284079624,0.429830165974562,0.594368203951819,0.512578893820258,0.528140925939993,0.592186368161687,0.658858902769275,0.646787970452419,0.561674154935329,0.493475179506823,0.627658466118761,0.611821474064828,0.543827345867955,0.494454426735973,0.577588672636822,0.615595432169548,0.580467676375011,0.59746692367794,0.670243337208614,0.67250997178033,0.500369240161056,0.632367617548389,0.533448060949542,0.507444044043736,0.576971860376925,0.575011537240117,0.485459458590595,0.55963404943079,0.408821020676034,0.606624507629528,0.587710944287472,0.56021635147582,0.555598658729999,0.704990999318182,0.666631863936108,0.546078146777831,0.500234287720626,0.508360791693291,0.657943939459726,0.581777245668594,0.611707716283833,0.614700778050039,0.67457509700623,0.639119775037391,0.538906246084715,0.486942418716957,0.559236086778856,0.513033360601334,0.489926737131479,0.676107977224967,0.753487785886417,0.65922412733618,0.737829534765018,0.534691675124218,0.497870620560655,0.465417374702902,0.528016014196144,0.62346824240925,0.704834688195735,0.578273129010253,0.5412387671452,0.598255388240588,0.560236906911071,0.636067650780631,0.53097100053266,0.610487142926637
"001_LalitaBhasya_segmented_complete",0.512815813513086,0,0.392509825675366,0.364218063510409,0.324865886170517,0.379743445231305,0.427756365697715,0.433526467235325,0.381027800986335,0.463777903857588,0.434906275775347,0.434174909565068,0.406419525865839,0.488192848920712,0.432725356557142,0.353992971674622,0.457502427204398,0.475031965823247,0.433130735135807,0.227483516620574,0.26695297496024,0.393929935836582,0.34267930201448,0.415393198291778,0.501003159704729,0.61612661269952,0.491569141467335,0.364619427081879,0.353018849025875,0.485686480028679,0.50973023929701,0.398116630572299,0.331421408196368,0.475903451022765,0.451331054107833,0.405626923403394,0.433040930074767,0.614173657734939,0.488546227935645,0.357338112359925,0.596630681732455,0.334980583279825,0.304844703125584,0.44818034118282,0.393471016942662,0.278052763562997,0.375793689299416,0.199219692094072,0.549293607576848,0.442243172056966,0.41667252751888,0.412764234530598,0.538262922001272,0.627286441730816,0.328255922662855,0.293836793945965,0.461216959831701,0.645821240118758,0.406419525865839,0.457502427204398,0.486424648459305,0.489662096638539,0.469196541870103,0.381848472111334,0.346449473336636,0.406908867863582,0.33672686045853,0.284470043505688,0.625962567646366,0.80710025329894,0.670410778024358,0.808472883160055,0.373093283595328,0.302284023334857,0.318090186577766,0.334328040119506,0.587798229371535,0.53468043335239,0.496620881304658,0.377161823736586,0.520194788186307,0.366633942217072,0.499688231269968,0.321599983576489,0.634107018226212
"002_Pseudosankara_Sanatsujatiya_segmented_complete",0.571285562186806,0.392509825675366,0,0.362938425600755,0.413943890634617,0.45253172744884,0.494963795728839,0.461090663750015,0.459132309350275,0.538684651456711,0.50971195399412,0.488796130767716,0.460358799496284,0.537607224419572,0.505616993399014,0.438631180365494,0.517983235480199,0.549780290882108,0.499882481717217,0.313682860826385,0.349405493683647,0.488958452696035,0.429589359135556,0.461606762719084,0.563324232211659,0.667404746260788,0.574848251147582,0.453676321851617,0.425877703945353,0.571166899491888,0.602880645172933,0.488706473655976,0.401860349376055,0.557324729432882,0.536896285059038,0.494986375548726,0.513035478331047,0.709127872812418,0.578540804081303,0.423125181628502,0.660832445247027,0.419760010085777,0.394528485272354,0.526333337479479,0.473102076771625,0.367120661580075,0.460650936727951,0.289551995244604,0.611978781137335,0.524734467606764,0.457552805098135,0.45248820696167,0.596325825616727,0.700651052136627,0.431909161991451,0.370014776472203,0.516632571573828,0.696055593296689,0.460358799496284,0.517983235480199,0.53987096512584,0.568177130558996,0.543406893887072,0.457068017130497,0.415875998527868,0.468814748206704,0.416169535396092,0.371538970799849,0.711891941075624,0.87524381117187,0.724067396219212,0.876602577080787,0.451516022357899,0.390313572961522,0.403261382348946,0.423308563003198,0.668675343198761,0.635266803132319,0.578895775537764,0.443780678464994,0.583544556894936,0.456824179383476,0.589491271187932,0.41467668457137,0.690851487952523
"003_Pseudosankara_SvUBh_segmented_complete",0.546401662558004,0.364218063510409,0.362938425600755,0,0.364895365437932,0.416186022543487,0.455503244045294,0.437496939899046,0.430992192874733,0.502052052459076,0.479608743744416,0.462637633700836,0.415709065416522,0.510076178624882,0.46335350450401,0.395324377679265,0.479826007896022,0.514022100948408,0.472205150655482,0.280877786543819,0.312826376151824,0.456340432581638,0.396693983312935,0.440421633643463,0.536206190481479,0.648103077785715,0.54509187150013,0.422866386814632,0.401625335189347,0.539928964257973,0.573181370762155,0.456116701105018,0.376761012449238,0.533490249023697,0.50162617834452,0.459496382619736,0.484520711267903,0.681566586122585,0.552732980607047,0.386024414372578,0.627156138869999,0.394691163745918,0.36438670716022,0.472026668572261,0.445862142657258,0.337314970096968,0.430923657551057,0.258832698865662,0.57395827344516,0.493046301028513,0.446605818906688,0.441910808299693,0.563532658623851,0.664940544347213,0.397918163697687,0.330052057759573,0.480125939197641,0.674089503824678,0.415709065416522,0.479826007896022,0.500791395618932,0.52805501694337,0.514039686636371,0.427367796129265,0.382203791445432,0.450563975257585,0.376405912599498,0.342792818273879,0.683480639243949,0.855111494116119,0.70180100787727,0.859341722388897,0.425406639686232,0.359160052668772,0.366695524109753,0.395087567731805,0.637249807436037,0.604939174433977,0.558287568166769,0.406642022125647,0.563836153779604,0.426726292670756,0.546063367162057,0.38383791384738,0.668525231166438
"004_Pseudosankara_Visnusahasranama_unsegmented_complete",0.547605935098539,0.324865886170517,0.413943890634617,0.364895365437932,0,0.406783768893414,0.450633144761667,0.447040115462265,0.420071225473941,0.484092743825418,0.470350433258822,0.457715869672429,0.425511216812644,0.49212453881928,0.454112864530462,0.388872383245221,0.468633275348962,0.508531425914484,0.465297505539702,0.271401670850636,0.305257321311103,0.441975081560374,0.376822130100478,0.438622095069235,0.535967709955472,0.64297247884677,0.535365833748604,0.404644446366961,0.395009404972373,0.533447301686939,0.566301218709828,0.443439518702952,0.368866303502962,0.512832897528163,0.493016692100556,0.454118645096027,0.47718781224377,0.679098921659929,0.540599157536213,0.370051969229939,0.620593250987296,0.378078051428807,0.350230414171921,0.477581369660225,0.42943233957814,0.321746544401638,0.418408698468106,0.243677899600776,0.584231145204578,0.482202233853541,0.447822156992702,0.442802495545875,0.551366247000974,0.653666776055677,0.387160547546734,0.325778590628769,0.464477588266932,0.643294904575622,0.425511216812644,0.468633275348962,0.504490536068245,0.50591191848108,0.503999115614444,0.417630449474197,0.377464416314162,0.45127752867562,0.363909051101984,0.332973533391141,0.675827532121475,0.860988676739321,0.703004853411524,0.852953644357957,0.40961099420322,0.345654777207735,0.349595776745707,0.378360461358992,0.628184023789783,0.59523313373813,0.538933714269988,0.402866934973942,0.549397289701921,0.41521549878344,0.539598579549963,0.363739430107385,0.671020390127859
"005_Sankara_Adhyatmapatala_segmented_complete",0.574316416735614,0.379743445231305,0.45253172744884,0.416186022543487,0.406783768893414,0,0.450588165697076,0.463063030838905,0.383312912874857,0.476792701395269,0.459776412857027,0.486126611546165,0.443571302876271,0.529284715541853,0.4486733454198,0.40068379890386,0.475244382461555,0.465029045611372,0.490769437742366,0.255498879983002,0.310700949557056,0.42665233066495,0.377802673301812,0.462625006570145,0.552163189286258,0.660580037631461,0.51343246655964,0.392299101824172,0.383878299552807,0.525328261322989,0.562167516888909,0.433591774027897,0.356555105408771,0.522732990970967,0.474724471870559,0.439387325124419,0.462303876476836,0.702254947083824,0.550604820479335,0.406608041113532,0.649748192864537,0.356598882571484,0.327303772143766,0.501065705384539,0.420299097071165,0.305884653563213,0.401023724664257,0.227255105722374,0.598330061336165,0.474630139621261,0.474590297117742,0.469773512760384,0.608823344955126,0.674149739232892,0.376671028741126,0.301498008701552,0.517973956414029,0.735597485213471,0.443571302876271,0.475244382461555,0.519652343362623,0.491119005407292,0.503027673622364,0.414067198432617,0.394877203200302,0.447409671381476,0.372658369611793,0.31204442729223,0.6789490323208,0.88009691347341,0.749622932620931,0.884264948430569,0.406372550591914,0.332975279343762,0.356894517259371,0.357354359268481,0.64436712712023,0.602234721854846,0.554709823765765,0.400481166964145,0.560305345016788,0.391257066368877,0.533114569625437,0.350210977243896,0.695376763330569
"006_Sankara_ AiUBh_segmented_complete",0.605680982107202,0.427756365697715,0.494963795728839,0.455503244045294,0.450633144761667,0.450588165697076,0,0.504177049702823,0.45464353944402,0.517454216244148,0.507744688757333,0.511791394375482,0.473969785932319,0.538880966654504,0.49310190968141,0.443395163560672,0.467895248785496,0.546908241290529,0.531071737103542,0.312908757521796,0.362671026766909,0.481268457599282,0.43507835832102,0.50451052446098,0.588292096662774,0.695695408208434,0.574276992811819,0.451086601905651,0.439123741797209,0.558124989946681,0.608012636540241,0.481597857399896,0.420304270134572,0.568438194151559,0.5310989128991,0.491846762596021,0.510206728786122,0.726304303472064,0.583452065115346,0.451881295364155,0.68368034245561,0.416625133593755,0.391936731881233,0.534256800330524,0.468879261152294,0.366978020013217,0.444471775802168,0.288231048956826,0.63396784923291,0.515759202780129,0.528411141918316,0.523272111581868,0.646713976701449,0.700051220667554,0.428965063863851,0.375877057152027,0.500708924882238,0.747791964654042,0.473969785932319,0.467895248785496,0.54652401412821,0.533468939509265,0.554996680449598,0.46067254704519,0.426779470807497,0.48784692272447,0.415028179714053,0.369396964002017,0.719291011506566,0.911158118341275,0.773152137441177,0.90988005634029,0.44827503801752,0.389893766891295,0.416151225844447,0.416529636426807,0.663265692822064,0.640149437917915,0.593381877910883,0.46713297575968,0.597975692842073,0.454192654608776,0.574815121862015,0.403966417514279,0.71760486591956
"007_Sankara_BhGBh_segmented_complete",0.549560893840852,0.433526467235325,0.461090663750015,0.437496939899046,0.447040115462265,0.463063030838905,0.504177049702823,0,0.467828067283309,0.547205677506286,0.530109985337434,0.451281051255114,0.444325066523961,0.50540825741396,0.501241196162488,0.462600974635786,0.513471290741981,0.578496898712024,0.50467328822755,0.341562831508104,0.368135937671852,0.516044977657629,0.44213600934448,0.399325093961373,0.564435424972692,0.650220405301486,0.587016181810218,0.482194744723503,0.449273875305745,0.572551387629126,0.60234412338506,0.504478346677336,0.42384270835787,0.551436635632182,0.558547265062392,0.520542071851913,0.536354428121535,0.701997292277819,0.605679353902105,0.447153444294369,0.657365857488508,0.446124170031859,0.42053255412225,0.52253154581726,0.494963455823733,0.396265771505732,0.47901039020486,0.318849239192564,0.595772182405977,0.536094382133085,0.427831102944893,0.424621592051298,0.629095623427653,0.667208418602305,0.457020988195209,0.394691274779425,0.469166216534426,0.687586368506731,0.444325066523961,0.513471290741981,0.538811270863086,0.572575288373755,0.560958020276272,0.473303793209623,0.425585065324406,0.476599296908421,0.434487598417391,0.402244180874086,0.692528075975411,0.841917233865895,0.702063732991491,0.834117299816398,0.477094256008043,0.409944400323777,0.413648567925051,0.444612343256909,0.6445586017526,0.657841912705637,0.565522836628728,0.486160947191967,0.589723995500935,0.485453780334783,0.593505300853651,0.441718848809249,0.671722533974206
"008_Sankara_IUBh_segmented_complete",0.583091864913357,0.381027800986335,0.459132309350275,0.430992192874733,0.420071225473941,0.383312912874857,0.45464353944402,0.467828067283309,0,0.497969964050278,0.468489357778545,0.48686912928209,0.432109267624026,0.522717350998204,0.462004239079333,0.406397401090108,0.472480513166818,0.499388814951454,0.493143240905906,0.25781911896958,0.309345145500292,0.429492431669894,0.377828066556433,0.471278486822635,0.556298718256193,0.663839133939468,0.521142572696107,0.386215595225643,0.395791663181902,0.523182968527181,0.574109688020487,0.432887563154122,0.364227669876474,0.529502432748617,0.487393095174306,0.444294239399899,0.459699854641992,0.711311580672612,0.553630505040833,0.409709274022356,0.66116708969475,0.361780846212464,0.333090264767836,0.493675275517748,0.419180551281264,0.305696048890694,0.395647735148534,0.228233836311221,0.606741067450254,0.483298859065792,0.481954421097218,0.476778577464409,0.624148893969557,0.674064360750595,0.367319592526466,0.322454249967919,0.527721441148311,0.75049023736082,0.432109267624026,0.472480513166818,0.53601016725862,0.51231140213112,0.509695766494754,0.404700066077305,0.3995800695534,0.447876462058288,0.385100082359616,0.313870564550113,0.691684330680815,0.877782009853916,0.752287784084853,0.877369542690312,0.405316467451783,0.334424723356199,0.358183954420538,0.363069092962409,0.651706062639667,0.625816714695718,0.56622290155984,0.418152898887668,0.576784330037956,0.401366134837311,0.553637016372731,0.359850057730089,0.697562691387462
"009_Sankara_KeUBh_segmented_complete",0.65876729938403,0.463777903857588,0.538684651456711,0.502052052459076,0.484092743825418,0.476792701395269,0.517454216244148,0.547205677506286,0.497969964050278,0,0.529893712748693,0.529212446438364,0.500679466482424,0.604191713953455,0.532750317494394,0.491694430378967,0.545189969742736,0.583027136448411,0.580373404898331,0.368462646112,0.411668513417088,0.530385808914847,0.485780784624974,0.552814699240414,0.648931350988322,0.752688194898084,0.600109111533717,0.496960045383048,0.478996850619064,0.604620368784595,0.66152209997446,0.529378297674678,0.468761331607002,0.622940636194164,0.575478119063395,0.537156286958119,0.549780922450327,0.778435072636291,0.6384038522859,0.502977996746765,0.725535374141336,0.465680674983639,0.433439173725988,0.59275728975357,0.519114724813498,0.415624031605873,0.502519189314297,0.337707923044695,0.67682860294263,0.567131940424115,0.573793690701649,0.568977999226607,0.694486668042845,0.75148264579652,0.478494573272135,0.422451905253853,0.585480734312355,0.794230568047015,0.500679466482424,0.545189969742736,0.584384634102244,0.599770696597959,0.604157940819975,0.505867430365805,0.487367531347998,0.522963060284751,0.465139475925655,0.42379026133016,0.772885212612226,0.942514089989169,0.816228479966581,0.954984939270523,0.498693632001475,0.434245780991022,0.451412157591918,0.465413402556016,0.717951714402994,0.684444628684011,0.648642483323378,0.491059677817273,0.653590306274223,0.501198655566786,0.625693158908912,0.45701612927444,0.768471757635612
"010_Sankara_KeUBhVakya_segmented_complete",0.625347337595155,0.434906275775347,0.50971195399412,0.479608743744416,0.470350433258822,0.459776412857027,0.507744688757333,0.530109985337434,0.468489357778545,0.529893712748693,0,0.548210764251304,0.498233900435787,0.572271532503937,0.519388627559333,0.472022134374941,0.534521124994041,0.559844183044259,0.554767826216191,0.325744355304789,0.377954974351183,0.497549569847832,0.450212260851217,0.533888622001394,0.60926908008931,0.720882658868433,0.569344240479297,0.459084034204548,0.453503008340746,0.577549875356993,0.605079889514738,0.486378925950112,0.433810673601768,0.586541234555182,0.547259463473992,0.504462100114532,0.536255596641227,0.737670182025682,0.606513239905839,0.469786928744816,0.693611013087883,0.427435434280111,0.40542409670522,0.559427513920522,0.491168617936149,0.376100446430769,0.463053109092405,0.299772124128914,0.649380712658782,0.532826785637113,0.545492983470093,0.540122985545876,0.658334870020697,0.73716996267782,0.430089900148943,0.388355898821522,0.56322749414982,0.787125569981,0.498233900435787,0.534521124994041,0.56431979911153,0.539361625924623,0.566083309297951,0.473980895617534,0.456369005765336,0.491545488053022,0.441707280479235,0.3833532201982,0.72062523872995,0.931496420983122,0.798662804756624,0.9352951368119,0.455067296952139,0.403829942188292,0.420453567356268,0.427583152073569,0.695004838960853,0.65833275713226,0.61806378021905,0.472098788623672,0.611729586073848,0.457910861782248,0.588269534770671,0.410793205743497,0.74807025886996
"011_Sankara_ChUBh_segmented_complete",0.537522500851463,0.434174909565068,0.488796130767716,0.462637633700836,0.457715869672429,0.486126611546165,0.511791394375482,0.451281051255114,0.48686912928209,0.529212446438364,0.548210764251304,0,0.459641413749311,0.500048950439287,0.516053328645267,0.447556955303738,0.500778238354973,0.594742870941234,0.496654777256309,0.355573641402366,0.366578897840048,0.5232806275221,0.456013779083288,0.468340488465107,0.57986099020528,0.656294352694502,0.609741080821649,0.49278143074823,0.46204009669295,0.589582786877026,0.613593281515865,0.516244869899319,0.430655069631543,0.552701107693596,0.574526175602177,0.530748265406576,0.549098547020765,0.697132399808222,0.62845509675496,0.449762744781168,0.65581431532952,0.459447504091232,0.432185279477093,0.534950463030571,0.509074087318875,0.40600229103708,0.487728511537256,0.327298462721155,0.606603293307389,0.547838403394247,0.489493825324893,0.48558522694941,0.628074142077979,0.654017029855389,0.464111128229516,0.420279709479866,0.396910878825788,0.617101948487642,0.459641413749311,0.500778238354973,0.503645837705186,0.59467758991049,0.592641514042878,0.481180355483846,0.422626966471865,0.500170935974401,0.440047459919323,0.410719439625248,0.687765019640056,0.824776150092561,0.652678665428687,0.82465792240911,0.47944428085763,0.427006676783353,0.416709968145069,0.456341937260133,0.656699494711777,0.665672391677918,0.58255564465938,0.499084988550774,0.595161955614891,0.492875062489056,0.602407912444584,0.448145326909087,0.670810880151064
"012_Sankara_KaUBh_segmented_complete",0.581777245668594,0.406419525865839,0.460358799496284,0.415709065416522,0.425511216812644,0.443571302876271,0.473969785932319,0.444325066523961,0.432109267624026,0.500679466482424,0.498233900435787,0.459641413749311,0,0.500632427558302,0.462881843889924,0.429044350032605,0.481088138192091,0.552669252724191,0.510939876772958,0.305396491608792,0.346446863410334,0.47209941258799,0.412274511950217,0.479509338173802,0.559555064301278,0.668800662113139,0.554342904052596,0.440729026864403,0.417048504265115,0.556319065951141,0.600136881839635,0.471870998370854,0.400516522469268,0.554347200062367,0.510249752536005,0.482328102035714,0.496460438367901,0.717116219575719,0.581352975355429,0.434309723403891,0.67667364631768,0.417651323141048,0.38195923904921,0.502319130192101,0.457009151379778,0.355646105379782,0.443553451427669,0.278429404383653,0.609002337616116,0.510320790812313,0.483240497296061,0.478489104860563,0.615070087380248,0.68060485463133,0.411442857070966,0.368459422986061,0.50904858310803,0.734842750520474,0,0.481088138192091,0.507308443104052,0.53995295896802,0.534815689557586,0.4315282022077,0.412681891119345,0.463110077157949,0.396229827234679,0.360825048545736,0.703573619386065,0.878075182371878,0.744573509548746,0.882350922224117,0.428722085093388,0.372331455582883,0.38737420454074,0.408834982799007,0.654950603455422,0.644335706226748,0.587959569906825,0.451024918638193,0.587289262301117,0.448256158710365,0.558301921773099,0.398000146083123,0.691247715711913
"013_Sankara_ManUBh_segmented_complete",0.609911985551473,0.488192848920712,0.537607224419572,0.510076178624882,0.49212453881928,0.529284715541853,0.538880966654504,0.50540825741396,0.522717350998204,0.604191713953455,0.572271532503937,0.500048950439287,0.500632427558302,0,0.555553233820674,0.484865748130852,0.549136580585152,0.62387535057757,0.554514685023464,0.395482865758678,0.42592990326736,0.564526500383927,0.4965540702752,0.535695380387582,0.612840189564455,0.703633946136491,0.632829386584684,0.51623366370916,0.497253529981918,0.617249652027848,0.652518915899366,0.551413130693186,0.463546277295638,0.581896436112534,0.604151766244122,0.558222548034101,0.575882171708176,0.753805052282155,0.658338240134576,0.499964922606371,0.693465887602761,0.497018421171069,0.47418938594704,0.585123254372223,0.538206086836492,0.448898362509795,0.515847403751638,0.369538127610255,0.661528240126928,0.589650332609622,0.572721797748771,0.568091889796686,0.659707532394536,0.730979875931527,0.506115926120086,0.460653938827367,0.516096221166173,0.723765234972893,0.500632427558302,0.549136580585152,0.546764453844413,0.58972557413145,0.626738796166604,0.522660222090089,0.472530846745375,0.525547692520653,0.473753038363134,0.447178035924505,0.73334361087256,0.886637675686341,0.768302638163468,0.887786186003554,0.514462681681306,0.460260879095546,0.466717957367697,0.499456090278491,0.69732929348127,0.698821345033802,0.637381736471586,0.523741421591148,0.608650520551315,0.530292235303588,0.627315874733287,0.477930486065587,0.720952725957702
"014_Sankara_MunUBh_segmented_complete",0.619973331060187,0.432725356557142,0.505616993399014,0.46335350450401,0.454112864530462,0.4486733454198,0.49310190968141,0.501241196162488,0.462004239079333,0.532750317494394,0.519388627559333,0.516053328645267,0.462881843889924,0.555553233820674,0,0.455085033686315,0.493139388044293,0.554823572903771,0.539418939564937,0.324712493604146,0.373564767269615,0.495058261032335,0.447582273079986,0.509597588837928,0.60690039027962,0.714734122513626,0.581667857055757,0.456115971532724,0.450569543062172,0.575668666768733,0.628524665020134,0.487791006067383,0.434943829125606,0.58759125429119,0.530250199895787,0.505922831411746,0.522557747651092,0.750774339403148,0.5977792122747,0.458448852393555,0.709603230062058,0.433958265393066,0.405270332477402,0.548410818900483,0.47905479726342,0.374230946705291,0.462608089855055,0.299265192626339,0.652297505894444,0.530815401310637,0.527989294225417,0.523522509248886,0.65585036318592,0.728959232430171,0.427689618542314,0.384369360049062,0.554298656219575,0.770994139921772,0.462881843889924,0.493139388044293,0.5596251338261,0.55959935002283,0.565402841757955,0.479875510148441,0.443836127437625,0.484647100119437,0.434876571460915,0.384146376610587,0.747187444080462,0.930318812288898,0.794119703669438,0.929821769142408,0.470043393269714,0.393898351438419,0.420594828156837,0.429816412962138,0.698668711960685,0.656771689639436,0.61827478560529,0.474348073586967,0.631965717452725,0.464164871011543,0.597816956977264,0.420479715258785,0.741713354397378
"015_Sankara_NrsTBh_segmented_complete",0.542950688113693,0.353992971674622,0.438631180365494,0.395324377679265,0.388872383245221,0.40068379890386,0.443395163560672,0.462600974635786,0.406397401090108,0.491694430378967,0.472022134374941,0.447556955303738,0.429044350032605,0.484865748130852,0.455085033686315,0,0.458085245251683,0.505593587759793,0.453587569235491,0.252231768916002,0.289684519263859,0.422400916055157,0.373680417705298,0.440116401599135,0.534808967670284,0.640181140746837,0.51963323530802,0.393093025372226,0.381540380840713,0.515561797994686,0.549828286678874,0.429231554284745,0.356813716774288,0.514631945685639,0.479371324115652,0.432155582884764,0.456361835214305,0.671773399215675,0.54340580460287,0.387284203109194,0.633298228298402,0.362243349246065,0.32765646233142,0.479800832889316,0.416119308079209,0.30265397470971,0.39974637985457,0.223114963198296,0.571098698636213,0.472773731284449,0.461440951861212,0.456238668032986,0.577237872246955,0.624609597170856,0.37321842235081,0.319241952372868,0.48479180495189,0.676603637962194,0.429044350032605,0.458085245251683,0.505359967672686,0.516152870827041,0.503279117173712,0.410365015028931,0.375025778956741,0.433480933331597,0.368084420718207,0.311810845135576,0.661829901909872,0.837327890463523,0.696154443260929,0.836244245193667,0.395557728296138,0.329652644262701,0.349886118291585,0.362201710404404,0.627233622374236,0.599455786165489,0.529778257913286,0.405081568944098,0.557754942541299,0.39477865330448,0.527321554289283,0.352072883207538,0.672789356739344
"016_Sankara_PrasUBh_segmented_complete",0.611707716283833,0.457502427204398,0.517983235480199,0.479826007896022,0.468633275348962,0.475244382461555,0.467895248785496,0.513471290741981,0.472480513166818,0.545189969742736,0.534521124994041,0.500778238354973,0.481088138192091,0.549136580585152,0.493139388044293,0.458085245251683,0,0.563343262075586,0.538869309067364,0.336386955266367,0.37737485300036,0.499895606586816,0.447864283355705,0.522151596696338,0.602910366745235,0.708378091495025,0.574347239750301,0.468979273022749,0.451261461417076,0.586841602965322,0.62276981734274,0.50335130346906,0.435592842344439,0.58594070182741,0.542158441338361,0.506594925625437,0.525362611124782,0.758544607413761,0.610740155507633,0.457813790004672,0.71138297103039,0.440578368567508,0.41035302737675,0.54183908452565,0.489532662676243,0.3869644507578,0.461583002078306,0.310990456343383,0.650049990366345,0.537616954686729,0.537106634134633,0.532655018114458,0.654876281151302,0.727049826687078,0.44686903516405,0.398055429182781,0.531103978247811,0.76645281727815,0.481088138192091,0,0.552512486792475,0.577458113366432,0.575594348047108,0.474084984665855,0.449938591508691,0.517134207831957,0.43832212284868,0.394217972247703,0.734395719075327,0.91927045524586,0.794328240357844,0.926299955153407,0.458672442714744,0.403034182792852,0.428276440607134,0.437362928767085,0.697230971801952,0.670377676719587,0.617598988971782,0.480222587359131,0.622266070173334,0.467716598814905,0.589134960855596,0.431000290085641,0.716822901868611
"018_HastaBh_HastaBh_segmented_complete",0.669258005594874,0.475031965823247,0.549780290882108,0.514022100948408,0.508531425914484,0.465029045611372,0.546908241290529,0.578496898712024,0.499388814951454,0.583027136448411,0.559844183044259,0.594742870941234,0.552669252724191,0.62387535057757,0.554823572903771,0.505593587759793,0.563343262075586,0,0.580614079983013,0.351430884868915,0.40945013206258,0.51244303752617,0.482986285675575,0.563556841989943,0.639505947299277,0.755150584693332,0.610191309385486,0.478992238368291,0.491085214988469,0.615968635114811,0.654966631492975,0.531901674916964,0.461996638490691,0.618076202092182,0.573020786291566,0.533018980901254,0.56719396592308,0.785739253612617,0.637374632766761,0.501699959159305,0.735584104772997,0.453239037900462,0.428987411986306,0.585552858866468,0.5215957076929,0.405752934858539,0.487549231503896,0.327439820853188,0.691429171128287,0.582144382978124,0.587059868388935,0.581892506223467,0.700347740855132,0.763053070630997,0.470904006313249,0.408057059082273,0.622325378738087,0.829251215419768,0.552669252724191,0.563343262075586,0.634377772555263,0.607231293628512,0.609312295757148,0.510183679050618,0.497443546853447,0.536641260525162,0.4805766992087,0.408217367831467,0.769061205166911,0.95220579995767,0.842994738977357,0.974329166901389,0.498559681338933,0.437798662647457,0.460650361536013,0.451506294864602,0.736155130008513,0.68596639691923,0.652168025926858,0.497654158116035,0.648363235067669,0.490851976076976,0.620921338653204,0.437980389920389,0.790166035252315
"Abhinavagupta_IsvPrV_segmented_complete",0.507323469207494,0.433130735135807,0.499882481717217,0.472205150655482,0.465297505539702,0.490769437742366,0.531071737103542,0.50467328822755,0.493143240905906,0.580373404898331,0.554767826216191,0.496654777256309,0.510939876772958,0.554514685023464,0.539418939564937,0.453587569235491,0.538869309067364,0.580614079983013,0,0.336481711552096,0.326830011550916,0.497558879646752,0.437679699213398,0.480107276678089,0.529301856631574,0.612010045016703,0.563389238058341,0.459224202088075,0.419756244778188,0.545897070631625,0.529563889790433,0.456501585615024,0.400578270242176,0.486704110453555,0.541357735577391,0.491066624573209,0.513433974003514,0.61068934803703,0.594514364353823,0.42347927571487,0.593153743315677,0.439167224473134,0.409635172656395,0.529055676398996,0.483552638151772,0.387692708160483,0.466159338644659,0.310294548620603,0.558587316568656,0.528787617093124,0.495264163838072,0.490710799211421,0.631061505262242,0.629132423974801,0.448699380107248,0.404101428378104,0.504043618459871,0.688019768059933,0.510939876772958,0.538869309067364,0.565971670696611,0.595713961150238,0.560828545163809,0.453218903383771,0.415483070371048,0.480261692734887,0.430505126587531,0.388213289059113,0.614763214157096,0.722418287739248,0.644029752457279,0.732219559197482,0.454466881330253,0.406460826139391,0.398702566059249,0.441120918611089,0.609013520361713,0.635181118463081,0.517669204001049,0.467435406328141,0.516429692087478,0.471764878759268,0.555172051793115,0.425648572838285,0.635436917987201
"Abhinavagupta_Paramarthasara_segmented_complete",0.434582284079624,0.227483516620574,0.313682860826385,0.280877786543819,0.271401670850636,0.255498879983002,0.312908757521796,0.341562831508104,0.25781911896958,0.368462646112,0.325744355304789,0.355573641402366,0.305396491608792,0.395482865758678,0.324712493604146,0.252231768916002,0.336386955266367,0.351430884868915,0.336481711552096,0,0.146347829333581,0.259633970185211,0.221691640701973,0.325044902793418,0.399981743023676,0.509823853681967,0.37016304859773,0.234276245169602,0.235898958930778,0.368494200456426,0.416721912759173,0.277789606860877,0.206690252348378,0.370387420173873,0.322214237427855,0.284325313507867,0.312242675165919,0.558109074341707,0.39898970931471,0.249345963284417,0.519110218705783,0.205278670499424,0.168141940973343,0.34642281141827,0.257798295089972,0.137804137172271,0.24000465394887,0.061397891004134,0.462590828551778,0.327057945846707,0.333579922031216,0.328544679897775,0.471870856321335,0.524931711141594,0.214655074375038,0.159936297580029,0.392945180749366,0.606765212776261,0.305396491608792,0.336386955266367,0.401737126327933,0.372445973752025,0.357661911099277,0.25594573439412,0.244057199064427,0.295417020216779,0.228915960750288,0.148951851858609,0.539280064283713,0.743394233952532,0.606539935623043,0.742105878913036,0.24754372576432,0.176554930639419,0.202208752737012,0.201506543524378,0.498228032675526,0.473126774007783,0.414342588715866,0.254564308477053,0.419218831374117,0.234979816335889,0.387777868847487,0.193508543557344,0.552161780314708
"Abhinavagupta_Tantraloka_segmented_complete",0.429830165974562,0.26695297496024,0.349405493683647,0.312826376151824,0.305257321311103,0.310700949557056,0.362671026766909,0.368135937671852,0.309345145500292,0.411668513417088,0.377954974351183,0.366578897840048,0.346446863410334,0.42592990326736,0.373564767269615,0.289684519263859,0.37737485300036,0.40945013206258,0.326830011550916,0.146347829333581,0,0.318861276501072,0.257219217188795,0.352640713171925,0.422269148803822,0.507796991896582,0.413412168701097,0.289369638131154,0.262728756619898,0.412612916200231,0.440284172272474,0.324183350145141,0.244619649782828,0.393338073751097,0.378517805774219,0.325973859374715,0.359414129053074,0.553262869171125,0.447492537755204,0.26483772519896,0.527869751632046,0.258497062191525,0.224754831776892,0.378297938615345,0.308084725988761,0.198327813006913,0.292287742633611,0.119288098044962,0.482577857976086,0.368363901556604,0.356160486971339,0.350290151277419,0.50131873187577,0.513354426881561,0.269344732740303,0.218261759014493,0.378594929489998,0.585112709359739,0.346446863410334,0.37737485300036,0.431894097740813,0.423568810362782,0.40665525894414,0.29829249146205,0.252872140733809,0.335280442950186,0.261558536040867,0.20539909361871,0.547424719165478,0.722156466697622,0.576584400584433,0.719717419393779,0.295583030770357,0.224249208902479,0.233810669201743,0.257474158779572,0.516896887941967,0.510970228232086,0.423682290740228,0.303828792359632,0.442214785590302,0.293043014042829,0.426824874627846,0.248505215015603,0.550523427395364
"Annambhatta_Tarkasamgraha_segmented_complete",0.594368203951819,0.393929935836582,0.488958452696035,0.456340432581638,0.441975081560374,0.42665233066495,0.481268457599282,0.516044977657629,0.429492431669894,0.530385808914847,0.497549569847832,0.5232806275221,0.47209941258799,0.564526500383927,0.495058261032335,0.422400916055157,0.499895606586816,0.51244303752617,0.497558879646752,0.259633970185211,0.318861276501072,0,0.384508073759771,0.495115878618242,0.555891114455772,0.669413051253095,0.52451859209188,0.370501275750953,0.401427685141539,0.533602297654014,0.567402731560701,0.438841796155356,0.376214500008256,0.530454562340386,0.478640101300336,0.441610634073735,0.479979126688917,0.705647556278053,0.56326932267014,0.421854213093271,0.676864302082344,0.369037116046044,0.335579591763002,0.511282718310498,0.426071448345687,0.309388694849869,0.405357094775829,0.232749937542738,0.626650491876365,0.459267551685732,0.507586464378985,0.502148152256021,0.641603118974132,0.688417671056151,0.370623756939326,0.336703930986299,0.559029742722153,0.771631528486062,0.47209941258799,0.499895606586816,0.566238553259077,0.542011885657179,0.482725016689511,0.42294443241727,0.41464548619717,0.460940704632297,0.395840794879287,0.323668771707293,0.687250589235789,0.884569398819818,0.769998963899338,0.886458916137199,0.405650618354402,0.341571373612548,0.372006657263695,0.365460411785027,0.642105141034776,0.623419960851112,0.568918135905645,0.427314768563636,0.581017569931114,0.391117073200042,0.54504528758947,0.364764294569441,0.705418144538978
"Asanga_Abhidharmasmuccaya_segmented_complete",0.512578893820258,0.34267930201448,0.429589359135556,0.396693983312935,0.376822130100478,0.377802673301812,0.43507835832102,0.44213600934448,0.377828066556433,0.485780784624974,0.450212260851217,0.456013779083288,0.412274511950217,0.4965540702752,0.447582273079986,0.373680417705298,0.447864283355705,0.482986285675575,0.437679699213398,0.221691640701973,0.257219217188795,0.384508073759771,0,0.426454116564924,0.48492761468327,0.566233550142837,0.484392781138361,0.356800772037143,0.343338210314352,0.480988680055345,0.526374305268763,0.397531206541578,0.301872395783807,0.4564561832732,0.444860228857446,0.403139778188191,0.425168468004394,0.65992470456338,0.513480909566114,0.354093022808331,0.615869369152731,0.333735558871436,0.297483684589465,0.445861651215316,0.363868559915765,0.261420974023491,0.361761089598681,0.189856806268299,0.562200823151313,0.434072706885709,0.43505283308367,0.429838070111209,0.578876412421357,0.616047495588988,0.340686789722284,0.285898703934605,0.488723423028719,0.699037790152016,0.412274511950217,0.447864283355705,0.508127504686039,0.493452595383827,0.471881923841353,0.34708621494388,0.352859398051504,0.409984861048516,0.347877259929637,0.283410617051904,0.635529171490872,0.823302317755808,0.696570344030966,0.815850523264006,0.334739261478924,0.255093513331327,0.266597343978699,0.32414936675994,0.571407916046384,0.587867838190216,0.506965134117095,0.375893017482113,0.525799495614801,0.365452764746445,0.507639156363076,0.324971707908627,0.618711480846122
